木之本樱,Frostsword,255,174,185,255,174,185,95,5*强袭坦克,米米尔隆,195,100,-255,195,100,-255,95,10|1366,680|300,250,75*1066,430,75|50,630,5*1316,50,5|3,3,75,105*3,3,105,75|0|
1,0,50.1,50,5,0.0583333,95,2,5,0,1,1,1,5*2,1,1315.9,630,-175,179.942,95,0,2,0,1,1,1,10|||0*0|
1,0,50.215,50.0001,10,0.125417,95,2,5,0,1,1,1,5*2,1,1315.79,630,-170,179.875,95,0,2,0,1,1,1,10|||0*0|
1,0,50.3472,50.0004,15,0.202563,95,2,5,0,1,1,1,5*2,1,1315.65,630,-165,179.797,95,0,2,0,1,1,1,10|||0*0|
1,0,50.4993,50.0009,20,0.29128,95,2,5,0,1,1,1,5*2,1,1315.5,630,-160,179.709,95,0,2,0,1,1,1,10|||0*0|
1,0,50.6742,50.0018,25,0.393306,95,2,5,0,1,1,1,5*2,1,1315.33,630,-155,179.607,95,0,2,0,1,1,1,10|||0*0|
1,0,50.8754,50.0032,25,0.510635,95,2,5,0,0,1,1,5*2,1,1315.12,630,-155,179.489,95,0,2,0,0,1,1,10|||0*0|
1,0,51.1067,50.0053,25,0.645563,95,2,5,0,0,1,1,5*2,1,1314.89,630,-155,179.354,95,0,2,0,0,1,1,10|||0*0|
1,0,51.3726,50.0083,25,0.800731,95,2,5,0,0,1,1,5*2,1,1314.63,630,-155,179.199,95,0,2,0,0,1,1,10|||0*0|
1,0,51.6785,50.0125,25,0.979174,95,2,5,0,0,1,1,5*2,1,1314.32,630,-155,179.021,95,0,2,0,0,1,1,10|||0*0|
1,0,52.0303,50.0186,25,1.18438,95,2,5,0,0,1,1,5*2,1,1313.97,630,-155,178.816,95,0,2,0,0,1,1,10|||0*0|
1,0,52.4347,50.0269,25,1.42037,95,2,5,0,0,1,1,5*2,1,1313.57,630,-155,178.58,95,0,2,0,0,1,1,10|||0*0|
1,0,52.8998,50.0385,25,1.69176,95,2,5,0,0,1,1,5*2,1,1313.1,630,-155,178.308,95,0,2,0,0,1,1,10|||0*0|
1,0,53.4346,50.0542,25,2.00386,95,2,5,0,0,1,1,5*2,1,1312.57,630,-155,177.996,95,0,2,0,0,1,1,10|||0*0|
1,0,54.0495,50.0758,25,2.36277,95,2,5,0,0,1,1,5*2,1,1311.95,630,-155,177.637,95,0,2,0,0,1,1,10|||0*0|
1,0,54.7565,50.1049,25,2.77552,95,2,5,0,0,1,1,5*2,1,1311.24,630,-155,177.224,95,0,2,0,0,1,1,10|||0*0|
1,0,55.5692,50.1443,25,3.25019,95,2,5,0,0,1,1,5*2,1,1310.43,630,-155,176.75,95,0,2,0,0,1,1,10|||0*0|
1,0,56.5035,50.1974,25,3.79605,95,2,5,0,0,1,1,5*2,1,1309.5,630,-155,176.204,95,0,2,0,0,1,1,10|||0*0|
1,0,57.5773,50.2686,25,4.42379,95,2,5,0,0,1,1,5*2,1,1308.42,630,-155,175.576,95,0,2,0,0,1,1,10|||0*0|
1,0,58.8111,50.3641,25,5.14569,95,2,5,0,0,1,1,5*2,1,1307.19,630,-155,174.854,95,0,2,0,0,1,1,10|||0*0|
1,0,60.2286,50.4917,25,5.97588,95,2,5,0,0,1,1,5*2,1,1305.77,630,-155,174.024,95,0,2,0,0,1,1,10|||0*0|
1,0,61.8563,50.6621,25,6.93059,95,2,5,0,0,1,1,5*2,1,1304.14,630,-155,173.069,95,0,2,0,0,1,1,10|||0*0|
1,0,63.7247,50.8892,25,8.02851,95,2,5,0,0,1,1,5*2,1,1302.28,630,-155,171.971,95,0,2,0,0,1,1,10|||0*0|
1,0,65.868,51.1915,25,9.29112,95,2,5,0,0,1,1,5*2,1,1300.13,630,-150,170.709,95,0,2,0,1,1,1,10|||0*0|
1,0,68.3245,51.5934,25,10.7431,95,2,5,0,0,1,1,5*2,1,1297.68,630,-150,169.257,95,0,2,0,0,1,1,10|||0*0|
1,0,71.1368,52.127,25,12.4129,95,2,5,0,0,1,1,5*2,1,1294.86,630,-150,167.587,95,0,2,0,0,1,1,10|||0*0|
1,0,74.3518,52.8346,25,14.3332,95,2,5,0,0,1,1,5*2,1,1291.65,630,-150,165.667,95,0,2,0,0,1,1,10|||0*0|
1,0,78.0196,53.7718,25,16.5415,95,2,5,0,0,1,1,5*2,1,1287.98,630,-150,163.458,95,0,2,0,0,1,1,10|||0*0|
1,0,82.193,55.0113,25,19.0811,95,2,5,0,0,1,1,5*2,1,1283.81,630,-150,160.919,95,0,2,0,0,1,1,10|||0*0|
1,0,86.9244,56.648,30,22.0016,95,2,5,0,1,1,1,5*2,1,1279.08,630,-150,160.919,95,0,2,0,0,1,0,10|||0*0|
1,0,92.2627,58.8049,30,25.3601,95,2,5,0,0,1,1,5*2,1,1273.63,630,-150,160.919,95,0,2,0,0,1,0,10|||0*0|
1,0,97.6845,61.3748,30,28.8601,95,2,5,0,0,1,1,5*2,1,1267.96,630,-150,160.919,95,0,2,0,0,1,0,10|||0*0|
1,0,102.939,64.2708,30,32.3601,95,2,5,0,0,1,1,5*2,1,1262.29,630,-155,160.919,95,0,2,0,1,1,0,10|||0*0|
1,0,108.007,67.4822,30,35.8601,95,2,5,0,0,1,1,5*2,1,1256.62,630,-155,160.919,95,0,2,0,0,1,0,10|||0*0|
1,0,112.87,70.9971,30,39.3601,95,2,5,0,0,1,1,5*2,1,1250.95,630,-160,160.919,95,0,2,0,1,1,0,10|||0*0|
1,0,117.509,74.8023,30,42.8601,95,2,5,0,0,1,1,5*2,1,1245.28,630,-160,164.419,95,0,2,0,0,1,1,10|||0*0|
1,0,121.907,78.8835,30,46.3601,95,2,5,0,0,1,1,5*2,1,1239.5,630,-165,164.419,95,0,2,0,1,1,0,10|||0*0|
1,0,126.048,83.2257,30,49.8601,95,2,5,0,0,1,1,5*2,1,1233.72,630,-165,164.419,95,0,2,0,0,1,0,10|||0*0|
1,0,129.916,87.8125,30,53.3601,95,2,5,0,0,1,1,5*2,1,1227.94,630,-170,164.419,95,0,2,0,1,1,0,10|||0*0|
1,0,133.497,92.6269,30,56.8601,95,2,5,0,0,1,1,5*2,1,1222.16,630,-170,164.419,95,0,2,0,0,1,0,10|||0*0|
1,0,136.777,97.651,30,60.3601,95,2,5,0,0,1,1,5*2,1,1216.39,630,-175,164.419,95,0,2,0,1,1,0,10|||0*0|
1,0,139.744,102.866,30,63.8601,95,2,5,0,0,1,1,5*2,1,1210.61,630,-175,167.919,95,0,2,0,0,1,1,10|||0*0|
1,0,142.387,108.252,30,67.3601,95,2,5,0,0,1,1,5*2,1,1204.74,630,-175,167.919,95,0,2,0,0,1,0,10|||0*0|
1,0,144.697,113.79,30,70.8601,95,2,5,0,0,1,1,5*2,1,1198.87,630,180,167.919,95,0,2,0,1,1,0,10|||0*0|
1,0,146.664,119.458,30,74.3601,95,2,5,0,0,1,1,5*2,1,1193,630,180,167.919,95,0,2,0,0,1,0,10|||0*0|
1,0,148.282,125.236,30,77.8601,95,2,5,0,0,1,1,5*2,1,1187.14,630,180,167.919,95,0,2,0,0,1,0,10|||0*0|
1,0,149.544,131.102,30,81.3601,95,2,5,0,0,1,1,5*2,1,1181.27,630,180,167.919,95,0,2,0,0,1,0,10|||0*0|
1,0,150.445,137.034,30,84.8601,95,2,5,0,0,1,1,5*2,1,1175.4,630,180,171.419,95,0,2,0,0,1,1,10|||0*0|
1,0,150.983,143.01,30,88.3601,95,2,5,0,0,1,1,5*2,1,1169.47,630,180,171.419,95,0,2,0,0,1,0,10|||0*0|
1,0,151.154,149.007,30,91.8601,95,2,5,0,0,1,1,5*2,1,1163.54,630,180,171.419,95,0,2,0,0,1,0,10|||0*0|
1,0,150.959,155.004,30,95.3601,95,2,5,0,0,1,1,5*2,1,1157.6,630,180,171.419,95,0,2,0,0,1,0,10|||0*0|
1,0,150.399,160.978,30,98.8601,95,2,5,0,0,1,1,5*2,1,1151.67,630,180,171.419,95,0,2,0,0,1,0,10|||0*0|
1,0,149.475,166.906,30,102.36,95,2,5,0,0,1,1,5*2,1,1145.74,630,180,174.919,95,0,2,0,0,1,1,10|||0*0|
1,0,148.191,172.767,30,102.36,95,2,5,0,0,1,0,5*2,1,1139.76,630,180,174.919,95,0,2,0,0,1,0,10|||0*0|
1,0,146.906,178.628,30,102.36,95,2,5,0,0,1,0,5*2,1,1133.79,630,180,174.919,95,0,2,0,0,1,0,10|||0*0|
1,0,145.622,184.489,30,102.36,95,2,5,0,0,1,0,5*2,1,1127.81,630,180,174.919,95,0,2,0,0,1,0,10|||0*0|
1,0,144.338,190.35,30,102.36,95,2,5,0,0,1,0,5*2,1,1121.83,630,180,174.919,95,0,2,0,0,1,0,10|||0*0|
1,0,143.053,196.211,30,102.36,95,2,5,0,0,1,0,5*2,1,1115.86,630,180,178.419,95,0,2,0,0,1,1,10|||0*0|
1,0,141.769,202.072,30,102.36,95,2,5,0,0,1,0,5*2,1,1109.86,630,180,178.419,95,0,2,0,0,1,0,10|||0*0|
1,0,140.485,207.933,30,102.36,95,2,5,0,0,1,0,5*2,1,1103.86,630,180,178.419,95,0,2,0,0,1,0,10|||0*0|
1,0,139.2,213.794,30,102.36,95,2,5,0,0,1,0,5*2,1,1097.86,630,180,178.419,95,0,2,0,0,1,0,10|||0*0|
1,0,137.916,219.655,30,102.36,95,2,5,0,0,1,0,5*2,1,1091.87,630,180,178.419,95,0,2,0,0,1,0,10|||0*0|
1,0,136.632,225.515,30,102.36,95,2,5,0,0,1,0,5*2,1,1085.87,630,180,-178.081,95,0,2,0,0,1,1,10|||0*0|
1,0,135.347,231.376,30,102.36,95,2,5,0,0,1,0,5*2,1,1079.87,629.799,180,-178.081,95,0,2,0,0,1,0,10|||0*0|
1,0,134.063,237.237,30,102.36,95,2,5,0,0,1,0,5*2,1,1073.87,629.598,180,-178.081,95,0,2,0,0,1,0,10|||0*0|
1,0,132.779,243.098,30,102.36,95,2,5,0,0,1,0,5*2,1,1067.88,629.397,180,-178.081,95,0,2,0,0,1,0,10|||0*0|
1,0,131.494,248.959,30,102.36,95,2,5,0,0,1,0,5*2,1,1061.88,629.196,180,-174.581,95,0,2,0,0,1,1,10|||0*0|
1,0,130.21,254.82,30,102.36,95,2,5,1,0,1,0,4*2,1,1055.91,628.63,180,-174.581,95,0,2,0,0,1,0,10|12,2,213.056,293.643,28.716,0||0*0|
1,0,128.926,260.681,30,102.36,95,2,5,0,0,1,0,4*2,1,1049.94,628.063,180,-174.581,95,0,2,0,0,1,0,10|12,2,220.423,297.679,28.716,0||0*0|
1,0,127.641,266.542,25,102.36,95,2,5,0,1,1,0,4*2,1,1043.96,627.496,180,-174.581,95,0,2,0,0,1,0,10|12,2,228.158,301.916,28.716,0||0*0|
1,0,126.357,272.403,25,102.36,95,2,5,0,0,1,0,4*2,1,1037.99,626.93,180,-171.081,95,0,2,0,0,1,1,10|12,2,236.28,306.366,28.716,0||0*0|
1,0,125.073,278.264,25,102.36,95,2,5,0,0,1,0,4*2,1,1032.06,626,180,-171.081,95,0,2,0,0,1,0,10|12,2,244.809,311.038,28.716,0||0*0|
1,0,123.788,284.125,25,102.36,95,2,5,0,0,1,0,4*2,1,1026.13,625.069,180,-171.081,95,0,2,0,0,1,0,10|12,2,253.763,315.944,28.716,0||0*0|
1,0,122.504,289.986,25,102.36,95,2,5,0,0,1,0,4*2,1,1020.21,624.139,180,-171.081,95,0,2,0,0,1,0,10|12,2,263.165,321.095,28.716,0||0*0|
1,0,121.22,295.847,25,102.36,95,2,5,0,0,1,0,4*2,1,1014.28,623.209,180,-167.581,95,0,2,0,0,1,1,10|12,2,273.038,326.503,28.716,0||0*0|
1,0,119.935,301.708,25,102.36,95,2,5,0,0,1,0,4*2,1,1008.42,621.919,180,-167.581,95,0,2,0,0,1,0,10|12,2,283.404,332.182,28.716,0||0*0|
1,0,118.651,307.568,25,102.36,95,2,5,0,0,1,0,4*2,1,1002.56,620.628,180,-167.581,95,0,2,0,0,1,0,10|12,2,294.288,338.145,28.716,0||0*0|
1,0,117.367,313.429,25,102.36,95,2,5,0,0,1,0,4*2,1,996.7,619.338,180,-167.581,95,0,2,0,0,1,0,10|12,2,305.716,344.406,28.716,0||0*0|
1,0,116.082,319.29,20,102.36,95,2,5,0,1,1,0,4*2,1,990.841,618.048,180,-164.081,95,0,2,0,0,1,1,10|12,2,317.716,350.98,28.716,0||0*0|
1,0,114.798,325.151,20,102.36,95,2,5,0,0,1,0,4*2,1,985.071,616.402,180,-164.081,95,0,2,0,0,1,0,10|12,2,330.316,357.883,28.716,0||0*0|
1,0,113.514,331.012,20,102.36,95,2,5,0,0,1,0,4*2,1,979.301,614.756,180,-164.081,95,0,2,0,0,1,0,10|12,2,343.546,365.131,28.716,0||0*0|
1,0,112.229,336.873,20,102.36,95,2,5,0,0,1,0,4*2,1,973.531,613.111,180,-164.081,95,0,2,0,0,1,0,10|12,2,357.437,372.742,28.716,0||0*0|
1,0,110.945,342.734,20,102.36,95,2,5,0,0,1,0,4*2,1,967.761,611.465,180,-160.581,95,0,2,0,0,1,1,10|12,2,372.023,380.732,28.716,0||0*0|
1,0,109.661,348.595,20,102.36,95,2,5,0,0,1,0,4*2,1,962.102,609.47,180,-164.081,95,0,2,0,0,1,1,10|12,2,387.339,389.123,28.716,0||0*0|
1,0,108.376,354.456,20,102.36,95,2,5,0,0,1,0,4*2,1,956.332,607.824,180,-167.581,95,0,2,0,0,1,1,10|12,2,403.42,397.933,28.716,0||0*0|
1,0,107.092,360.317,15,102.36,95,2,5,0,1,1,0,4*2,1,950.473,606.534,180,-171.081,95,0,2,0,0,1,1,10|12,2,420.305,407.183,28.716,0||0*0|
1,0,105.808,366.178,15,102.36,95,2,5,0,0,1,0,4*2,1,944.545,605.604,180,-174.581,95,0,2,0,0,1,1,10|12,2,438.034,416.896,28.716,0||0*0|
1,0,104.523,372.039,15,102.36,95,2,5,0,0,1,0,4*2,1,938.572,605.037,180,-178.081,95,0,2,0,0,1,1,10|12,2,456.65,427.095,28.716,0||0*0|
1,0,103.239,377.9,15,102.36,95,2,5,0,0,1,0,4*2,1,932.575,604.836,180,178.419,95,0,2,0,0,1,1,10|12,2,476.196,437.803,28.716,0||0*0|
1,0,101.955,383.761,15,102.36,95,2,5,0,0,1,0,4*2,1,926.578,605.002,180,174.919,95,0,2,0,0,1,1,10|12,2,496.72,449.047,28.716,0||0*0|
1,0,100.67,389.621,15,102.36,95,2,5,0,0,1,0,4*2,1,920.601,605.533,180,171.419,95,0,2,0,0,1,1,10|12,2,518.271,460.853,28.716,0||0*0|
1,0,99.3858,395.482,20,102.36,95,2,5,0,1,1,0,4*2,1,914.668,606.429,180,171.419,95,0,2,0,0,1,0,10|12,2,540.898,473.25,28.716,0||0*0|
1,0,98.1015,401.343,20,102.36,95,2,5,0,0,1,0,4*2,1,908.736,607.324,180,171.419,95,0,2,0,0,1,0,10|12,2,564.657,486.266,28.716,0||0*0|
1,0,96.8172,407.204,20,102.36,95,2,5,0,0,1,0,4*2,1,902.803,608.219,180,171.419,95,0,2,0,0,1,0,10|12,2,589.604,499.933,28.716,0||0*0|
1,0,95.5328,413.065,20,102.36,95,2,5,0,0,1,0,4*2,1,896.87,609.114,180,171.419,95,0,2,0,0,1,0,10|12,2,615.798,514.284,28.716,0||0*0|
1,0,94.2485,418.926,20,102.36,95,2,5,0,0,1,0,4*2,1,890.937,610.01,180,171.419,95,0,2,0,0,1,0,10|12,2,643.302,529.352,28.716,0||0*0|
1,0,92.9642,424.787,20,102.36,95,2,5,0,0,1,0,4*2,1,885.004,610.905,180,171.419,95,0,2,0,0,1,0,10|12,2,672.182,545.173,28.716,0||0*0|
1,0,91.6798,430.648,20,102.36,95,2,5,0,0,1,0,4*2,1,879.071,611.8,180,171.419,95,0,2,0,0,1,0,10|12,2,702.505,561.786,28.716,0||0*0|
1,0,90.3955,436.509,20,102.36,95,2,5,0,0,1,0,4*2,1,873.139,612.695,180,171.419,95,0,2,0,0,1,0,10|12,2,734.344,579.229,28.716,0||0*0|
1,0,89.1112,442.37,20,102.36,95,2,5,0,0,1,0,4*2,1,867.206,613.591,180,171.419,95,0,2,0,0,1,0,10|12,2,767.775,597.544,28.716,0||0*0|
1,0,87.8268,448.231,20,102.36,95,2,5,0,0,1,0,4*2,1,861.273,614.486,180,171.419,95,0,2,0,0,1,0,10|12,2,802.878,616.775,28.716,0||0*0|
1,0,86.5425,454.092,20,102.36,95,2,5,0,0,1,0,4*2,1,855.34,615.381,180,171.419,60,0,2,0,0,1,0,10||2,839.736,636.967|0*0|
1,0,85.2582,459.953,20,102.36,95,2,5,0,0,1,0,4*2,1,849.407,616.276,180,171.419,60,0,2,0,0,1,0,10|||0*0|
1,0,83.9738,465.814,20,102.36,95,2,5,0,0,1,0,4*2,1,843.474,617.172,180,171.419,60,0,2,0,0,1,0,10|||0*0|
1,0,82.6895,471.674,20,102.36,95,2,5,0,0,1,0,4*2,1,837.542,618.067,180,167.919,60,0,2,0,0,1,1,10|||0*0|
1,0,81.4052,477.535,20,102.36,95,2,5,0,0,1,0,4*2,1,831.675,619.323,180,167.919,60,0,2,0,0,1,0,10|||0*0|
1,0,80.1208,483.396,20,102.36,95,2,5,0,0,1,0,4*2,1,825.807,620.578,180,167.919,60,0,2,0,0,1,0,10|||0*0|
1,0,78.8365,489.257,15,102.36,95,2,5,0,1,1,0,4*2,1,819.94,621.834,180,167.919,60,0,2,0,0,1,0,10|||0*0|
1,0,77.5522,495.118,15,102.36,95,2,5,0,0,1,0,4*2,1,814.073,623.09,180,167.919,60,0,2,0,0,1,0,10|||0*0|
1,0,76.2678,500.979,15,102.36,95,2,5,0,0,1,0,4*2,1,808.206,624.346,180,167.919,60,0,2,0,0,1,0,10|||0*0|
1,0,74.9835,506.84,15,102.36,95,2,5,0,0,1,0,4*2,1,802.339,625.601,180,167.919,60,0,2,0,0,1,0,10|||0*0|
1,0,73.6991,512.701,15,102.36,95,2,5,0,0,1,0,4*2,1,796.472,626.857,180,167.919,60,0,2,0,0,1,0,10|||0*0|
1,0,72.4148,518.562,15,102.36,95,2,5,0,0,1,0,4*2,1,790.605,628.113,180,167.919,60,0,2,0,0,1,0,10|||0*0|
1,0,71.1305,524.423,15,102.36,95,2,5,0,0,1,0,4*2,1,784.738,629.369,180,167.919,60,0,2,0,0,1,0,10|||0*0|
1,0,69.8461,530.284,15,98.8601,95,2,5,0,0,1,1,4*2,1,778.87,630,180,167.919,60,0,2,0,0,1,0,10|||0*0|
1,0,68.922,536.212,15,102.36,95,2,5,0,0,1,1,4*2,1,773.003,630,180,167.919,60,0,2,0,0,1,0,10|||0*0|
1,0,67.6377,542.073,15,102.36,95,2,5,0,0,1,0,4*2,1,767.136,630,180,167.919,60,0,2,0,0,1,0,10|||0*0|
1,0,66.3533,547.934,15,98.8601,95,2,5,0,0,1,1,4*2,1,761.269,630,180,167.919,60,0,2,0,0,1,0,10|||0*0|
1,0,65.4292,553.862,10,102.36,95,2,5,0,1,1,1,4*2,1,755.402,630,180,167.919,60,0,2,0,0,1,0,10|||0*0|
1,0,64.1449,559.723,10,102.36,95,2,5,0,0,1,0,4*2,1,749.535,630,180,167.919,60,0,2,0,0,1,0,10|||0*0|
1,0,62.8605,565.584,10,102.36,95,2,5,0,0,1,0,4*2,1,743.668,630,180,167.919,60,0,2,0,0,1,0,10|||0*0|
1,0,61.5762,571.445,10,98.8601,95,2,5,0,0,1,1,4*2,1,737.801,630,180,167.919,60,0,2,0,0,1,0,10|||0*0|
1,0,60.6521,577.374,5,102.36,95,2,5,0,1,1,1,5*2,1,731.934,630,180,167.919,60,0,2,0,0,1,0,10|||999*0|
1,0,59.3677,583.235,5,105.86,95,2,5,0,0,1,1,5*2,1,726.066,630,180,164.419,60,0,2,0,0,1,1,10|||998*0|
1,0,57.728,589.006,5,109.36,95,2,5,0,0,1,1,5*2,1,720.287,630,180,164.419,60,0,2,0,0,1,0,10|||997*0|
1,0,55.739,594.667,5,112.86,95,2,5,0,0,1,1,5*2,1,714.507,630,180,164.419,60,0,2,0,0,1,0,10|||996*0|
1,0,53.4081,600.196,5,116.36,95,2,5,0,0,1,1,5*2,1,708.728,630,180,164.419,60,0,2,0,0,1,0,10|||995*0|
1,0,50.744,605.572,5,119.86,95,2,5,0,0,1,1,5*2,1,702.948,630,180,164.419,60,0,2,0,0,1,0,10|||994*0|
1,0,50,610.775,5,123.36,95,2,5,0,0,1,1,5*2,1,697.169,630,180,164.419,60,0,2,0,0,1,0,10|||993*0|
1,0,50,615.787,5,126.86,95,2,5,0,0,1,1,5*2,1,691.389,630,180,164.419,60,0,2,0,0,1,0,10|||992*0|
1,0,50,620.587,0,130.36,95,2,5,0,1,1,1,5*2,1,685.61,630,180,164.419,60,0,2,0,0,1,0,10|||991*0|
1,0,50,625.159,0,133.86,95,2,5,0,0,1,1,5*2,1,679.83,630,180,164.419,60,0,2,0,0,1,0,10|||990*0|
1,0,50,629.485,0,137.36,95,2,5,0,0,1,1,5*2,1,674.051,630,180,164.419,60,0,2,0,0,1,0,10|||989*0|
1,0,50,630,0,140.86,95,2,5,0,0,1,1,5*2,1,668.271,630,180,164.419,60,0,2,0,0,1,0,10|||988*0|
1,0,50,630,0,144.36,95,2,5,0,0,1,1,5*2,1,662.492,630,180,164.419,60,0,2,0,0,1,0,10|||987*0|
1,0,50,630,0,147.86,95,2,5,0,0,1,1,5*2,1,656.712,630,180,164.419,60,0,2,0,0,1,0,10|||986*0|
1,0,50,630,0,151.36,95,2,5,0,0,1,1,5*2,1,650.933,630,180,164.419,60,0,2,0,0,1,0,10|||985*0|
1,0,50,630,0,154.86,95,2,5,0,0,1,1,5*2,1,645.153,630,180,164.419,60,0,2,0,0,1,0,10|||984*0|
1,0,50,630,0,158.36,95,2,5,0,0,1,1,5*2,1,639.374,630,180,164.419,60,0,2,0,0,1,0,10|||983*0|
1,0,50,630,0,161.86,95,2,5,0,0,1,1,5*2,1,633.594,630,180,164.419,60,0,2,0,0,1,0,10|||982*0|
1,0,50,630,0,165.36,95,2,5,0,0,1,1,5*2,1,627.815,630,180,164.419,60,0,2,0,0,1,0,10|||981*0|
1,0,50,630,0,168.86,95,2,5,0,0,1,1,5*2,1,622.035,630,180,164.419,60,0,2,0,0,1,0,10|||980*0|
1,0,50,630,0,172.36,95,2,5,0,0,1,1,5*2,1,616.256,630,180,164.419,60,0,2,0,0,1,0,10|||979*0|
1,0,50,630,0,175.86,95,2,5,0,0,1,1,5*2,1,610.476,630,180,164.419,60,0,2,0,0,1,0,10|||978*0|
1,0,50,630,0,179.36,95,2,5,0,0,1,1,5*2,1,604.697,630,180,164.419,60,0,2,0,0,1,0,10|||977*0|
1,0,50,630,0,-177.14,95,2,5,0,0,1,1,5*2,1,598.917,630,180,164.419,60,0,2,0,0,1,0,10|||976*0|
1,0,50,629.701,0,-173.64,95,2,5,0,0,1,1,5*2,1,593.138,630,180,164.419,60,0,2,0,0,1,0,10|||975*0|
1,0,50,629.036,0,-170.14,95,2,5,0,0,1,1,5*2,1,587.358,630,180,164.419,60,0,2,0,0,1,0,10|||974*0|
1,0,50,628.008,0,-166.64,95,2,5,0,0,1,1,5*2,1,581.579,630,-175,164.419,60,0,2,0,1,1,0,10|||973*0|
1,0,50,626.622,0,-163.14,95,2,5,0,0,1,1,5*2,1,575.799,630,-175,164.419,60,0,2,0,0,1,0,10|||972*0|
1,0,50,624.882,0,-159.64,95,2,5,0,0,1,1,5*2,1,570.02,630,-170,164.419,60,0,2,0,1,1,0,10|||971*0|
1,0,50,622.794,0,-156.14,95,2,5,0,0,1,1,5*2,1,564.24,630,-170,164.419,60,0,2,0,0,1,0,10|||970*0|
1,0,50,620.367,0,-152.64,95,2,5,0,0,1,1,5*2,1,558.461,630,-165,164.419,60,0,2,0,1,1,0,10|||969*0|
1,0,50,617.61,0,-149.14,95,2,5,0,0,1,1,5*2,1,552.681,630,-165,164.419,60,0,2,0,0,1,0,10|||968*0|
1,0,50,614.532,0,-145.64,95,2,5,0,0,1,1,5*2,1,546.902,630,-165,164.419,60,0,2,0,0,1,0,10|||967*0|
1,0,50,611.146,0,-142.14,95,2,5,0,0,1,1,5*2,1,541.122,630,-160,164.419,60,0,2,0,1,1,0,10|||966*0|
1,0,50,607.463,5,-138.64,95,2,5,0,1,1,1,5*2,1,535.343,630,-160,167.919,60,0,2,1,0,1,1,9|13,0,443.134,589.572,-157.58,1||965*0|
1,0,50,603.499,5,-135.14,95,2,5,0,0,1,1,5*2,1,529.476,630,-160,167.919,60,0,2,0,0,1,0,9|13,0,432.966,585.377,-157.58,1||964*0|
1,0,50,599.266,5,-131.64,95,2,5,0,0,1,1,5*2,1,523.608,630,-160,167.919,60,0,2,0,0,1,0,9|13,0,422.797,581.182,-157.58,1||963*0|
1,0,50,594.782,5,-128.14,95,2,5,0,0,1,1,5*2,1,517.741,630,-155,167.919,60,0,2,0,1,1,0,9|13,0,412.629,576.986,-157.58,1||962*0|
1,0,50,590.063,5,-124.64,95,2,5,0,0,1,1,5*2,1,511.874,630,-155,167.919,60,0,2,0,0,1,0,9|13,0,402.46,572.791,-157.58,1||961*0|
1,0,50,585.127,5,-121.14,95,2,5,0,0,1,1,5*2,1,506.007,630,-155,171.419,60,0,2,0,0,1,1,9|13,0,392.292,568.596,-157.58,1||960*0|
1,0,50,579.991,5,-117.64,95,2,5,0,0,1,1,5*2,1,500.074,630,-155,171.419,60,0,2,0,0,1,0,9|13,0,382.123,564.4,-157.58,1||959*0|
1,0,50,574.676,10,-114.14,95,2,5,0,1,1,1,5*2,1,494.141,630,-155,171.419,60,0,2,0,0,1,0,9|13,0,371.955,560.205,-157.58,1||958*0|
1,0,50,569.201,10,-110.64,95,2,5,0,0,1,1,5*2,1,488.209,630,-150,171.419,60,0,2,0,1,1,0,9|13,0,361.786,556.01,-157.58,1||957*0|
1,0,50,563.586,10,-107.14,95,2,5,0,0,1,1,5*2,1,482.276,630,-150,174.919,60,0,2,0,0,1,1,9|13,0,351.618,551.814,-157.58,1||956*0|
1,0,50,557.852,10,-103.64,95,2,5,0,0,1,1,5*2,1,476.299,630,-150,174.919,60,0,2,0,0,1,0,9|13,0,341.449,547.619,-157.58,1||955*0|
1,0,50,552.022,15,-100.14,95,2,5,0,1,1,1,5*2,1,470.323,630,-150,174.919,60,0,2,0,0,1,0,9|13,0,331.28,543.424,-157.58,1||954*0|
1,0,50,546.115,15,-96.6399,95,2,5,1,0,1,1,4*2,1,464.347,630,-150,174.919,60,0,2,0,0,1,0,9|13,0,321.112,539.228,-157.58,1*14,2,139.65,576.759,15.426,0||953*0|
1,0,50,540.156,15,-93.1399,95,2,5,0,0,1,1,4*2,1,458.37,630,-150,178.419,60,0,2,0,0,1,1,9|13,0,310.943,535.033,-157.58,1*14,2,147.747,578.993,15.426,0||952*0|
1,0,50,534.165,15,-89.6399,95,2,5,0,0,1,1,4*2,1,452.372,630,-150,178.419,60,0,2,0,0,1,0,9|13,0,300.775,530.838,-157.58,1*14,2,156.249,581.339,15.426,0||951*0|
1,0,50.0377,528.165,20,-86.1399,95,2,5,0,1,1,1,4*2,1,446.375,630,-150,178.419,60,0,2,0,0,1,0,9|13,0,290.606,526.642,-157.58,1*14,2,165.177,583.803,15.426,0||950*0|
1,0,50.4416,522.178,20,-82.6399,95,2,5,0,0,1,1,4*2,1,440.377,630,-150,-178.081,60,0,2,0,0,1,1,9|13,0,280.438,522.447,-157.58,1*14,2,174.55,586.389,15.426,0||949*0|
1,0,51.2103,516.228,20,-79.1399,95,2,5,0,0,1,1,4*2,1,434.38,629.799,-150,-178.081,60,0,2,0,0,1,0,9|13,0,270.269,518.252,-157.58,1*14,2,184.393,589.105,15.426,0||948*0|
1,0,52.3407,510.335,25,-75.6399,95,2,5,0,1,1,1,4*2,1,428.384,629.598,-145,-178.081,60,0,2,0,1,1,0,9|13,0,260.101,514.057,-157.58,1*14,2,194.727,591.957,15.426,0||947*0|
1,0,53.8288,504.523,25,-72.1399,95,2,5,0,0,1,1,4*2,1,422.387,629.397,-145,-174.581,60,0,2,0,0,1,1,9|13,0,249.932,509.861,-157.58,1*14,2,205.579,594.951,15.426,0||946*0|
1,0,55.669,498.812,25,-68.6399,95,2,5,0,0,1,1,4*2,1,416.414,628.831,-145,-174.581,60,0,2,0,0,1,0,9|13,0,239.764,505.666,-157.58,1*14,2,216.972,598.095,15.426,0||945*0|
1,0,57.8544,493.224,30,-68.6399,95,2,5,0,1,1,0,4*2,1,410.441,628.264,-145,-171.081,60,0,2,0,0,1,1,9|13,0,229.595,501.471,-157.58,1*14,2,228.936,601.396,15.426,0||944*0|
1,0,60.0398,487.636,30,-68.6399,95,2,5,0,0,1,0,4*2,1,404.513,627.334,-140,-171.081,60,0,2,0,1,1,0,9|13,0,219.426,497.275,-157.58,1*14,2,241.498,604.862,15.426,0||943*0|
1,0,62.2251,482.048,30,-68.6399,95,2,5,0,0,1,0,4*2,1,398.586,626.404,-140,-171.081,60,0,2,0,0,1,0,9|13,0,209.258,493.08,-157.58,1*14,2,254.688,608.502,15.426,0||942*0|
1,0,64.4105,476.46,30,-68.6399,95,2,5,0,0,1,0,4*2,1,392.658,625.473,-140,-167.581,60,0,2,0,0,1,1,9|13,0,199.089,488.885,-157.58,1*14,2,268.537,612.323,15.426,0||941*0|
1,0,66.5959,470.873,30,-68.6399,95,2,5,0,0,1,0,4*2,1,386.799,624.183,-140,-167.581,60,0,2,0,0,1,0,9|13,0,188.921,484.689,-157.58,1*14,2,283.079,616.336,15.426,0||940*0|
1,0,68.7812,465.285,35,-65.1399,95,2,5,0,1,1,1,4*2,1,380.939,622.893,-140,-167.581,60,0,2,0,0,1,0,9|13,0,178.752,480.494,-157.58,1*14,2,298.347,620.549,15.426,0||939*0|
1,0,71.3037,459.841,35,-68.6399,95,2,5,0,0,1,1,4*2,1,375.079,621.602,-135,-164.081,60,0,2,0,1,1,1,9|13,0,168.584,476.299,-157.58,1*14,2,314.38,624.973,15.426,0||938*0|
1,0,73.489,454.253,35,-65.1399,95,2,5,0,0,1,1,4*2,1,369.31,619.957,-135,-164.081,25,0,2,0,0,1,0,9|13,0,158.415,472.103,-157.58,1|2,331.214,629.618|937*0|
1,0,76.0115,448.809,35,-68.6399,95,2,5,0,0,1,1,4*2,1,363.54,618.311,-135,-160.581,25,0,2,0,0,1,1,9|13,0,148.247,467.908,-157.58,1||936*0|
1,0,78.1968,443.221,40,-65.1399,95,2,5,0,1,1,1,4*2,1,357.881,616.316,-135,-160.581,25,0,2,1,0,1,0,8|13,0,138.078,463.713,-157.58,1*15,0,290.608,541.389,-133.475,1||935*0|
1,0,80.7193,437.777,40,-65.1399,95,2,5,0,0,1,0,4*2,1,352.222,614.321,-135,-160.581,25,0,2,0,0,1,0,8|13,0,127.91,459.517,-157.58,1*15,0,283.039,533.407,-133.475,1||934*0|
1,0,83.2417,432.333,40,-65.1399,70,2,5,0,0,1,0,4*2,1,346.564,612.326,-130,-157.081,25,0,2,0,1,1,1,8|15,0,275.471,525.425,-133.475,1|0,117.741,455.322|933*0|
1,0,85.7641,426.889,40,-65.1399,70,2,5,0,0,1,0,4*2,1,341.037,609.99,-130,-157.081,25,0,2,0,0,1,0,8|15,0,267.902,517.442,-133.475,1||932*0|
1,0,88.2866,421.445,45,-65.1399,70,2,5,0,1,1,0,4*2,1,335.511,607.653,-130,-153.581,25,0,2,0,0,1,1,8|15,0,260.334,509.46,-133.475,1||931*0|
1,0,90.809,416.001,45,-65.1399,70,2,5,0,0,1,0,4*2,1,330.138,604.984,-130,-153.581,25,0,2,0,0,1,0,8|15,0,252.766,501.477,-133.475,1||930*0|
1,0,93.3314,410.557,45,-61.6399,70,2,5,0,0,1,1,4*2,1,324.764,602.314,-130,-153.581,25,0,2,0,0,1,0,8|15,0,245.197,493.495,-133.475,1||929*0|
1,0,96.1815,405.277,45,-65.1399,70,2,5,0,0,1,1,4*2,1,319.391,599.645,-125,-150.081,25,0,2,0,1,1,1,8|15,0,237.629,485.513,-133.475,1||928*0|
1,0,98.7039,399.833,50,-61.6399,70,2,5,0,1,1,1,4*2,1,314.19,596.652,-125,-150.081,25,0,2,0,0,1,0,8|15,0,230.06,477.53,-133.475,1||927*0|
1,0,101.554,394.553,50,-65.1399,70,2,5,0,0,1,1,4*2,1,308.99,593.659,-125,-146.581,25,0,2,0,0,1,1,8|15,0,222.492,469.548,-133.475,1||926*0|
1,0,104.076,389.109,50,-61.6399,70,2,5,0,0,1,1,4*2,1,303.982,590.355,-125,-146.581,25,0,2,0,0,1,0,8|15,0,214.923,461.565,-133.475,1||925*0|
1,0,106.926,383.829,55,-61.6399,70,2,5,0,1,1,0,4*2,1,298.974,587.05,-125,-143.081,25,0,2,0,0,1,1,8|15,0,207.355,453.583,-133.475,1||924*0|
1,0,109.777,378.549,55,-61.6399,70,2,5,0,0,1,0,4*2,1,294.177,583.446,-120,-143.081,25,0,2,0,1,1,0,8|15,0,199.787,445.6,-133.475,1||923*0|
1,0,112.627,373.269,55,-61.6399,70,2,5,0,0,1,0,4*2,1,289.38,579.842,-120,-143.081,25,0,2,0,0,1,0,8|15,0,192.218,437.618,-133.475,1||922*0|
1,0,115.477,367.99,55,-61.6399,70,2,5,0,0,1,0,4*2,1,284.583,576.238,-120,-139.581,25,0,2,0,0,1,1,8|15,0,184.65,429.636,-133.475,1||921*0|
1,0,118.327,362.71,60,-58.1399,70,2,5,0,1,1,1,4*2,1,280.015,572.348,-120,-139.581,25,0,2,0,0,1,0,8|15,0,177.081,421.653,-133.475,1||920*0|
1,0,121.494,357.614,60,-61.6399,70,2,5,0,0,1,1,4*2,1,275.447,568.457,-115,-136.081,25,0,2,0,1,1,1,8|15,0,169.513,413.671,-133.475,1||919*0|
1,0,124.344,352.334,60,-58.1399,70,2,5,0,0,1,1,4*2,1,271.125,564.296,-115,-136.081,25,0,2,0,0,1,0,8|15,0,161.945,405.688,-133.475,1||918*0|
1,0,127.511,347.238,65,-58.1399,70,2,5,0,1,1,0,4*2,1,266.804,560.134,-115,-132.581,25,0,2,0,0,1,1,8|15,0,154.376,397.706,-133.475,1||917*0|
1,0,130.678,342.142,65,-58.1399,70,2,5,0,0,1,0,4*2,1,262.744,555.716,-115,-132.581,25,0,2,0,0,1,0,8|15,0,146.808,389.723,-133.475,1||916*0|
1,0,133.845,337.046,65,-58.1399,45,2,5,0,0,1,0,4*2,1,258.684,551.298,-110,-129.081,25,0,2,0,1,1,1,8||0,139.239,381.741|915*0|
1,0,137.012,331.95,70,-58.1399,45,2,5,0,1,1,0,4*2,1,254.901,546.64,-110,-125.581,25,0,2,0,0,1,1,8|||914*0|
1,0,140.179,326.854,70,-54.6399,45,2,5,0,0,1,1,4*2,1,251.41,541.761,-110,-122.081,25,0,2,0,0,1,1,8|||913*0|
1,0,143.652,321.96,70,-58.1399,45,2,5,0,0,1,1,4*2,1,248.224,536.677,-110,-118.581,25,0,2,0,0,1,1,8|||912*0|
1,0,146.819,316.864,70,-54.6399,45,2,5,0,0,1,1,4*2,1,245.353,531.408,-105,-115.081,25,0,2,0,1,1,1,8|||911*0|
1,0,150.291,311.971,70,-58.1399,45,2,5,0,0,1,1,4*2,1,242.81,525.974,-105,-111.581,25,0,2,0,0,1,1,8|||910*0|
1,0,153.458,306.875,70,-54.6399,45,2,5,0,0,1,1,4*2,1,240.603,520.394,-105,-108.081,25,0,2,0,0,1,1,8|||909*0|
1,0,156.93,301.982,70,-54.6399,45,2,5,0,0,1,0,4*2,1,238.741,514.691,-105,-104.581,25,0,2,0,0,1,1,8|||908*0|
1,0,160.403,297.089,70,-54.6399,45,2,5,0,0,1,0,4*2,1,237.23,508.884,-105,-101.081,25,0,2,0,0,1,1,8|||907*0|
1,0,163.875,292.196,70,-54.6399,45,2,5,0,0,1,0,4*2,1,236.077,502.996,-105,-97.5811,25,0,2,0,0,1,1,8|||906*0|
1,0,167.347,287.302,70,-54.6399,45,2,5,0,0,1,0,4*2,1,235.285,497.048,-100,-94.0811,25,0,2,0,1,1,1,8|||905*0|
1,0,170.82,282.409,70,-51.1399,45,2,5,0,0,1,1,4*2,1,234.858,491.063,-100,-90.5811,25,0,2,1,0,1,1,7|16,0,219.389,392.247,-98.625,1||904*0|
1,0,174.584,277.737,70,-54.6399,45,2,5,0,0,1,1,4*2,1,234.798,485.064,-100,-87.0811,25,0,2,0,0,1,1,7|16,0,217.739,381.371,-98.625,1||903*0|
1,0,177.137,273.016,70,-51.1399,45,2,5,0,0,1,1,4*2,1,235.103,479.072,-100,-83.5811,25,0,2,0,0,1,1,7|16,0,216.09,370.496,-98.625,1||902*0|
1,0,176.457,269.029,70,-54.6399,45,2,5,0,0,1,1,4*2,1,235.774,473.109,-105,-80.0811,25,0,2,0,1,1,1,7|16,0,214.44,359.62,-98.625,1||901*0|
1,0,175.857,264.615,65,-51.1399,45,2,5,0,1,1,1,4*2,1,236.807,467.199,-110,-76.5811,25,0,2,0,1,1,1,7|16,0,212.79,348.745,-98.625,1||900*0|
1,0,175.424,260.289,65,-51.1399,45,2,5,0,0,1,0,4*2,1,238.2,461.363,-110,-73.0811,25,0,2,0,0,1,1,7|16,0,211.141,337.869,-98.625,1||899*0|
1,0,175.135,255.806,60,-51.1399,45,2,5,0,1,1,0,4*2,1,239.946,455.622,-110,-69.5811,25,0,2,0,0,1,1,7|16,0,209.491,326.993,-98.625,1||898*0|
1,0,175.005,251.17,55,-47.6399,45,2,5,0,1,1,1,4*2,1,242.039,449.999,-110,-66.0811,25,0,2,0,0,1,1,7|16,0,207.841,316.118,-98.625,1||897*0|
1,0,175.045,246.629,55,-51.1399,45,2,5,0,0,1,1,4*2,1,244.472,444.515,-110,-62.5811,25,0,2,0,0,1,1,7|16,0,206.192,305.242,-98.625,1||896*0|
1,0,175.274,241.722,55,-47.6399,45,2,5,0,0,1,1,4*2,1,247.235,439.189,-110,-59.0811,25,0,2,0,0,1,1,7|16,0,204.542,294.367,-98.625,1||895*0|
1,0,175.688,236.906,50,-47.6399,45,2,5,0,1,1,0,4*2,1,250.318,434.041,-110,-55.5811,25,0,2,0,0,1,1,7|16,0,202.893,283.491,-98.625,1||894*0|
1,0,176.307,231.974,45,-47.6399,20,2,5,0,1,1,0,4*2,1,253.709,429.092,-110,-52.0811,25,0,2,0,0,1,1,7||0,201.243,272.615|893*0|
1,0,177.146,226.939,45,-47.6399,20,2,5,0,0,1,0,4*2,1,257.397,424.358,-110,-48.5811,25,0,2,0,0,1,1,7|||892*0|
1,0,178.218,221.818,45,-47.6399,20,2,5,0,0,1,0,4*2,1,261.366,419.859,-110,-45.0811,25,0,2,0,0,1,1,7|||891*0|
1,0,179.537,216.63,40,-47.6399,20,2,5,0,1,1,0,4*2,1,265.602,415.61,-110,-41.5811,25,0,2,0,0,1,1,7|||890*0|
1,0,181.111,211.394,40,-47.6399,20,2,5,0,0,1,0,4*2,1,270.091,411.628,-110,-38.0811,25,0,2,0,0,1,1,7|||889*0|
1,0,182.949,206.135,40,-51.1399,20,2,5,0,0,1,1,4*2,1,274.813,407.928,-110,-34.5811,25,0,2,0,0,1,1,7|||888*0|
1,0,185.102,200.772,40,-47.6399,20,2,5,0,0,1,1,4*2,1,279.753,404.522,-110,-31.0811,25,0,2,0,0,1,1,7|||887*0|
1,0,187.489,195.537,35,-51.1399,20,2,5,0,1,1,1,4*2,1,284.892,401.425,-110,-27.5811,25,0,2,0,0,1,1,7|||886*0|
1,0,190.186,190.285,35,-51.1399,20,2,5,0,0,1,0,4*2,1,290.21,398.647,-110,-24.0811,25,0,2,0,0,1,1,7|||885*0|
1,0,193.152,185.128,35,-54.6399,20,2,5,0,0,1,1,4*2,1,295.688,396.199,-110,-20.5811,25,0,2,0,0,1,1,7|||884*0|
1,0,196.388,180.075,35,-54.6399,20,2,5,0,0,1,0,4*2,1,301.305,394.089,-110,-17.0811,25,0,2,0,0,1,1,7|||883*0|
1,0,199.86,175.182,35,-58.1399,20,2,5,0,0,1,1,4*2,1,307.04,392.327,-110,-13.5811,25,0,2,0,0,1,1,7|||882*0|
1,0,203.027,170.086,35,-61.6399,20,2,5,0,0,1,1,4*2,1,312.873,390.918,-105,-10.0811,25,0,2,0,1,1,1,7|||881*0|
1,0,205.877,164.806,35,-61.6399,20,2,5,0,0,1,0,4*2,1,318.78,389.868,-105,-6.58107,25,0,2,0,0,1,1,7|||880*0|
1,0,208.727,159.526,35,-65.1399,20,2,5,0,0,1,1,4*2,1,324.74,389.18,-105,-3.08107,25,0,2,0,0,1,1,7|||879*0|
1,0,211.25,154.082,35,-68.6399,20,2,5,0,0,1,1,4*2,1,330.732,388.858,-105,0.418929,25,0,2,0,0,1,1,7|||878*0|
1,0,213.435,148.494,40,-72.1399,20,2,5,0,1,1,1,4*2,1,336.732,388.902,-105,0.418929,25,0,2,0,0,1,0,7|||877*0|
1,0,215.275,142.783,40,-75.6399,20,2,5,0,0,1,1,4*2,1,342.731,388.945,-110,0.418929,25,0,2,0,1,1,0,7|||876*0|
1,0,216.763,136.971,40,-79.1399,20,2,5,0,0,1,1,4*2,1,348.731,388.989,-110,0.418929,25,0,2,0,0,1,0,7|||875*0|
1,0,217.894,131.078,40,-82.6399,20,2,5,0,0,1,1,4*2,1,354.731,389.033,-110,0.418929,25,0,2,0,0,1,0,7|||874*0|
1,0,218.662,125.128,40,-86.1399,20,2,5,0,0,1,1,4*2,1,360.731,389.077,-110,0.418929,25,0,2,0,0,1,0,7|||873*0|
1,0,219.066,119.141,40,-89.6399,20,2,5,0,0,1,1,4*2,1,366.731,389.121,-110,0.418929,25,0,2,0,0,1,0,7|||872*0|
1,0,219.104,113.141,40,-93.1399,20,2,5,0,0,1,1,4*2,1,372.731,389.165,-110,0.418929,25,0,2,0,0,1,0,7|||871*0|
1,0,218.775,107.15,40,-96.6399,20,2,5,0,0,1,1,4*2,1,378.73,389.209,-115,0.418929,25,0,2,0,1,1,0,7|||870*0|
1,0,218.082,101.191,40,-100.14,20,2,5,0,0,1,1,4*2,1,384.73,389.252,-115,0.418929,25,0,2,0,0,1,0,7|||869*0|
1,0,217.025,95.2843,40,-103.64,20,2,5,0,0,1,1,4*2,1,390.73,389.296,-115,0.418929,25,0,2,0,0,1,0,7|||868*0|
1,0,215.611,89.4535,40,-107.14,20,2,5,0,0,1,1,4*2,1,396.73,389.34,-120,0.418929,25,0,2,0,1,1,0,7|||867*0|
1,0,213.842,83.72,40,-110.64,20,2,5,0,0,1,1,4*2,1,402.73,389.384,-120,0.418929,25,0,2,0,0,1,0,7|||866*0|
1,0,211.727,78.1051,40,-114.14,20,2,5,0,0,1,1,4*2,1,408.73,389.428,-125,0.418929,25,0,2,0,1,1,0,7|||865*0|
1,0,209.274,72.6298,40,-117.64,20,2,5,0,0,1,1,4*2,1,414.729,389.472,-125,0.418929,25,0,2,0,0,1,0,7|||864*0|
1,0,206.49,67.3145,40,-121.14,20,2,5,0,0,1,1,4*2,1,420.729,389.516,-125,0.418929,25,0,2,0,0,1,0,7|||863*0|
1,0,203.387,62.1791,40,-124.64,20,2,5,0,0,1,1,4*2,1,426.729,389.56,-130,0.418929,25,0,2,0,1,1,0,7|||862*0|
1,0,199.977,57.2426,40,-128.14,20,2,5,0,0,1,1,4*2,1,432.729,389.603,-130,0.418929,25,0,2,0,0,1,0,7|||861*0|
1,0,196.271,52.5236,40,-131.64,20,2,5,0,0,1,1,4*2,1,438.729,389.647,-130,0.418929,25,0,2,0,0,1,0,7|||860*0|
1,0,192.285,50,40,-135.14,20,2,5,0,0,1,1,4*2,1,444.729,389.691,-135,0.418929,25,0,2,0,1,1,0,7|||859*0|
1,0,188.032,50,40,-138.64,20,2,5,0,0,1,1,4*2,1,450.729,389.735,-140,0.418929,25,0,2,0,1,1,0,7|||858*0|
1,0,183.528,50,40,-142.14,20,2,5,0,0,1,1,4*2,1,456.728,389.779,-145,0.418929,25,0,2,0,1,1,0,7|||857*0|
1,0,178.791,50,35,-145.64,20,2,5,0,1,1,1,4*2,1,462.728,389.823,-150,0.418929,25,0,2,0,1,1,0,7|||856*0|
1,0,173.838,50,35,-149.14,20,2,5,0,0,1,1,4*2,1,468.728,389.867,-150,0.418929,25,0,2,0,0,1,0,7|||855*0|
1,0,168.688,50,35,-152.64,20,2,5,0,0,1,1,4*2,1,474.728,389.911,-150,0.418929,25,0,2,0,0,1,0,7|||854*0|
1,0,163.359,50,35,-156.14,20,2,5,1,0,1,1,3*2,1,480.728,389.954,-150,0.418929,25,0,2,0,0,1,0,7|17,2,245.434,102.526,34.388,0||853*0|
1,0,157.872,50,35,-159.64,20,2,5,0,0,1,1,3*2,1,486.728,389.998,-150,0.418929,25,0,2,0,0,1,0,7|17,2,252.366,107.27,34.388,0||852*0|
1,0,152.246,50,35,-163.14,20,2,5,0,0,1,1,3*2,1,492.727,390.042,-150,0.418929,25,0,2,0,0,1,0,7|17,2,259.645,112.252,34.388,0||851*0|
1,0,146.504,50,35,-166.64,20,2,5,0,0,1,1,3*2,1,498.727,390.086,-150,0.418929,25,0,2,0,0,1,0,7|17,2,267.287,117.482,34.388,0||850*0|
1,0,140.667,50,30,-170.14,20,2,5,0,1,1,1,3*2,1,504.727,390.13,-150,0.418929,25,0,2,0,0,1,0,7|17,2,275.312,122.974,34.388,0||849*0|
1,0,134.755,50,30,-173.64,20,2,5,0,0,1,1,3*2,1,510.727,390.174,-145,0.418929,25,0,2,0,1,1,0,7|17,2,283.737,128.741,34.388,0||848*0|
1,0,128.792,50,30,-177.14,20,2,5,0,0,1,1,3*2,1,516.727,390.218,-145,0.418929,25,0,2,0,0,1,0,7|17,2,292.585,134.796,34.388,0||847*0|
1,0,122.8,50,30,179.36,20,2,5,0,0,1,1,3*2,1,522.727,390.261,-145,0.418929,25,0,2,0,0,1,0,7|17,2,301.874,141.154,34.388,0||846*0|
1,0,116.8,50.067,30,175.86,20,2,5,0,0,1,1,3*2,1,528.726,390.305,-145,0.418929,25,0,2,0,0,1,0,7|17,2,311.628,147.829,34.388,0||845*0|
1,0,110.816,50.5002,30,172.36,20,2,5,0,0,1,1,3*2,1,534.726,390.349,-145,0.418929,25,0,2,0,0,1,0,7|17,2,321.87,154.839,34.388,0||844*0|
1,0,104.869,51.2978,30,168.86,20,2,5,0,0,1,1,3*2,1,540.726,390.393,-145,0.418929,25,0,2,0,0,1,0,7|17,2,332.623,162.199,34.388,0||843*0|
1,0,98.982,52.4571,30,165.36,20,2,5,0,0,1,1,3*2,1,546.726,390.437,-145,0.418929,25,0,2,0,0,1,0,7|17,2,343.915,169.927,34.388,0||842*0|
1,0,93.1768,53.9735,30,161.86,20,2,5,0,0,1,1,3*2,1,552.726,390.481,-150,0.418929,25,0,2,0,1,1,0,7|17,2,355.771,178.041,34.388,0||841*0|
1,0,87.475,55.8415,25,158.36,20,2,5,0,1,1,1,3*2,1,558.726,390.525,-150,0.418929,25,0,2,0,0,1,0,7|17,2,368.22,186.561,34.388,0||840*0|
1,0,81.8979,58.0542,25,154.86,20,2,5,0,0,1,1,3*2,1,564.725,390.569,-150,0.418929,25,0,2,0,0,1,0,7|17,2,381.291,195.507,34.388,0||839*0|
1,0,76.4663,60.6031,25,151.36,20,2,5,0,0,1,1,3*2,1,570.725,390.612,-155,0.418929,25,0,2,0,1,1,0,7|17,2,395.016,204.9,34.388,0||838*0|
1,0,71.2004,63.479,25,147.86,20,2,5,0,0,1,1,3*2,1,576.725,390.656,-155,0.418929,25,0,2,0,0,1,0,7|17,2,409.427,214.763,34.388,0||837*0|
1,0,66.1199,66.6709,25,144.36,20,2,5,0,0,1,1,3*2,1,582.725,390.7,-160,0.418929,25,0,2,0,1,1,0,7|17,2,424.558,225.12,34.388,0||836*0|
1,0,61.2437,70.167,25,140.86,20,2,5,0,0,1,1,3*2,1,588.725,390.744,-160,0.418929,25,0,2,0,0,1,0,7|17,2,440.446,235.994,34.388,0||835*0|
1,0,56.59,73.9543,25,137.36,20,2,5,0,0,1,1,3*2,1,594.725,390.788,-160,0.418929,25,0,2,0,0,1,0,7|17,2,457.129,247.411,34.388,0||834*0|
1,0,52.1763,78.0186,25,133.86,20,2,5,0,0,1,1,3*2,1,600.725,390.832,-165,0.418929,25,0,2,0,1,1,0,7|17,2,474.646,259.4,34.388,0||833*0|
1,0,50,82.3448,25,130.36,20,2,5,0,0,1,1,3*2,1,606.724,390.876,-165,0.418929,25,0,2,0,0,1,0,7|17,2,493.038,271.988,34.388,0||832*0|
1,0,50,86.9168,20,126.86,20,2,5,0,1,1,1,3*2,1,612.724,390.92,-165,0.418929,25,0,2,0,0,1,0,7|17,2,512.35,285.205,34.388,0||831*0|
1,0,50,91.7174,20,123.36,20,2,5,0,0,1,1,3*2,1,618.724,390.963,-165,0.418929,25,0,2,0,0,1,0,7|17,2,532.628,299.083,34.388,0||830*0|
1,0,50,96.7288,20,119.86,20,2,5,0,0,1,1,3*2,1,624.724,391.007,-170,0.418929,25,0,2,0,1,1,0,7|17,2,553.92,313.655,34.388,0||829*0|
1,0,50,101.932,20,116.36,20,2,5,0,0,1,1,3*2,1,630.724,391.051,-170,0.418929,25,0,2,0,0,1,0,7|17,2,576.276,328.956,34.388,0||828*0|
1,0,50,107.308,20,112.86,20,2,5,0,0,1,1,3*2,1,636.724,391.095,-175,0.418929,25,0,2,0,1,1,0,7|17,2,599.75,345.022,34.388,0||827*0|
1,0,50,112.837,20,109.36,20,2,5,0,0,1,1,3*2,1,642.723,391.139,-175,0.418929,-10,0,2,0,0,1,0,7||2,624.398,361.891|826*0|