K55,PLD,-50,-50,-50,-50,-50,-50,100,5*‘””„ver0.42,Darksword,-108,-167,-116,-116,-167,-81,100,7|1366,680|300,250,75*1066,430,75|50,630,5*1316,50,5|3,1,100,35*6,5,35,100|1|
357,0,50,50,5,4.5,100,2,3,0,1,0,1,5*358,1,1315.9,630,-179,-179.95,100,5,5,0,1,1,1,7|||0*0|
357,0,50,50,10,9,100,2,3,0,1,0,1,5*358,1,1315.79,630,-178,-179.892,100,4,2,0,1,1,1,7|||0*0|
357,0,50,50,15,13.5,100,2,3,0,1,0,1,5*358,1,1315.65,630,-177,-179.826,100,4,2,0,1,1,1,7|||0*0|
357,0,50.1945,50.0467,20,13.5,100,2,3,0,1,1,0,5*358,1,1315.5,629.999,-176,-179.75,100,4,2,0,1,1,1,7|||0*0|
357,0,50.5834,50.1401,25,13.5,100,2,3,0,1,1,0,5*358,1,1315.33,629.998,-175,-179.663,100,4,2,0,1,1,1,7|||0*0|
357,0,51.1668,50.2801,20,13.5,100,2,3,0,1,1,0,5*358,1,1315.12,629.997,-174,-179.562,100,4,2,0,1,1,1,7|||0*0|
357,0,51.9447,50.4669,25,13.5,100,2,3,0,1,1,0,5*358,1,1314.89,629.995,-173,-179.447,100,4,2,0,1,1,1,7|||0*0|
357,0,52.9171,50.7003,20,13.5,100,2,3,0,1,1,0,5*358,1,1314.63,629.993,-172,-179.314,100,4,2,0,1,1,1,7|||0*0|
357,0,54.084,50.9805,25,13.5,100,2,3,0,1,1,0,5*358,1,1314.32,629.989,-171,-179.161,100,4,2,0,1,1,1,7|||0*0|
357,0,55.4453,51.3073,20,13.5,100,2,3,0,1,1,0,5*358,1,1313.97,629.984,-170,-178.985,100,4,2,0,1,1,1,7|||0*0|
357,0,57.0011,51.6808,25,13.5,100,2,3,0,1,1,0,5*358,1,1313.57,629.977,-169,-178.783,100,4,2,0,1,1,1,7|||0*0|
357,0,58.7513,52.101,30,13.5,100,2,3,0,1,1,0,5*358,1,1313.1,629.967,-168,-178.55,100,4,2,0,1,1,1,7|||0*0|
357,0,60.6961,52.5679,25,13.5,100,2,3,0,1,1,0,5*358,1,1312.57,629.953,-167,-178.282,100,4,2,0,1,1,1,7|||0*0|
357,0,62.6408,53.0348,30,18,100,2,3,0,1,0,1,5*358,1,1311.95,629.935,-166,-177.975,100,4,2,0,1,1,1,7|||0*0|
357,0,64.5855,53.5017,25,22.5,100,2,3,0,1,0,1,5*358,1,1311.24,629.91,-165,-177.621,100,4,2,0,1,1,1,7|||0*0|
357,0,66.5303,53.9686,30,27,100,2,3,0,1,0,1,5*358,1,1310.43,629.876,-164,-177.214,100,4,2,0,1,1,1,7|||0*0|
357,0,68.475,54.4355,25,31.5,100,2,3,0,1,0,1,5*358,1,1309.5,629.831,-163,-176.746,100,4,2,0,1,1,1,7|||0*0|
357,0,70.4198,54.9024,20,36,100,2,3,0,1,0,1,5*358,1,1308.42,629.77,-162,-176.208,100,4,2,0,1,1,1,7|||0*0|
357,0,72.3645,55.3692,25,40.5,100,2,3,0,1,0,1,5*358,1,1307.19,629.688,-161,-175.589,100,4,2,0,1,1,1,7|||0*0|
357,0,74.3092,55.8361,30,45,100,2,3,0,1,0,1,5*358,1,1305.77,629.578,-160,-174.878,100,4,2,0,1,1,1,7|||0*0|
357,0,76.254,56.303,25,49.5,100,2,3,0,1,0,1,5*358,1,1304.14,629.432,-159,-174.059,100,4,2,0,1,1,1,7|||0*0|
357,0,78.1987,56.7699,30,54,100,2,3,0,1,0,1,5*358,1,1302.27,629.238,-158,-173.118,100,4,2,0,1,1,1,7|||0*0|
357,0,80.1435,57.2368,25,58.5,100,2,3,0,1,0,1,5*358,1,1300.12,628.978,-157,-172.036,100,4,2,0,1,1,1,7|||0*0|
357,0,82.0882,57.7037,30,63,100,2,3,0,1,0,1,5*358,1,1297.65,628.633,-156,-170.792,100,4,2,0,1,1,1,7|||0*0|
357,0,84.1237,58.3488,25,63,100,2,3,0,1,1,0,5*358,1,1294.83,628.175,-155,-169.36,100,4,2,0,1,1,1,7|||0*0|
357,0,86.2501,59.1721,30,63,100,2,3,0,1,1,0,5*358,1,1291.59,627.567,-155,-167.714,100,4,2,1,0,1,1,6||5,1225.4,597.245,365.977,214.334|0*0|
357,0,88.4672,60.1736,25,63,100,2,3,0,1,1,0,5*358,1,1287.89,626.762,-155,-165.822,100,4,2,0,0,1,1,6|||0*0|
357,0,90.7751,61.3533,30,63,100,2,3,0,1,1,0,5*358,1,1283.67,625.696,-155,-163.645,100,4,2,0,0,1,1,6|||0*0|
357,0,93.1739,62.7112,25,63,100,2,3,0,1,1,0,5*358,1,1278.87,624.286,-155,-161.142,100,4,2,0,0,1,1,6|||0*0|
357,0,95.6634,64.2473,30,63,100,2,3,0,1,1,0,5*358,1,1274.84,622.91,-155,-161.142,100,4,2,0,0,0,0,6|||0*0|
357,0,98.2437,65.9616,25,63,100,2,3,0,1,1,0,5*358,1,1271.42,621.741,-155,-161.142,100,4,2,0,0,0,0,6|||0*0|
357,0,100.915,67.8541,30,63,100,2,3,0,1,1,0,5*358,1,1268.51,620.747,-155,-161.142,100,4,2,0,0,0,0,6|||0*0|
357,0,103.677,69.9248,25,63,100,2,3,0,1,1,0,5*358,1,1266.03,619.902,-155,-161.142,100,4,2,0,0,0,0,6|||0*0|
357,0,106.439,71.9955,30,67.5,100,2,3,0,1,0,1,5*358,1,1263.93,619.184,-155,-161.142,100,4,2,0,0,0,0,6|||0*0|
357,0,109.201,74.0662,25,72,100,2,3,0,1,0,1,5*358,1,1262.14,618.574,-155,-161.142,100,4,2,0,0,0,0,6|||0*0|
357,0,111.963,76.1369,30,76.5,100,2,3,0,1,0,1,5*358,1,1260.63,618.055,-155,-161.142,100,4,2,0,0,0,0,6|||0*0|
357,0,114.724,78.2076,25,81,100,2,3,0,1,0,1,5*358,1,1259.33,617.614,-155,-161.142,100,4,2,0,0,0,0,6|||0*0|
357,0,117.486,80.2783,30,85.5,100,2,3,0,1,0,1,5*358,1,1258.24,617.239,-155,-161.142,100,4,2,0,0,0,0,6|||0*0|
357,0,120.248,82.349,25,90,100,2,3,0,1,0,1,5*358,1,1257.3,616.921,-155,-161.142,100,4,2,0,0,0,0,6|||0*0|
357,0,123.01,84.4197,30,94.5,100,2,3,0,1,0,1,5*358,1,1256.51,616.65,-155,-161.142,100,4,2,0,0,0,0,6|||0*0|
357,0,125.772,86.4904,25,99,100,2,3,0,1,0,1,5*358,1,1255.84,616.42,-155,-161.142,100,4,2,0,0,0,0,6|||0*0|
357,0,128.534,88.5611,30,103.5,100,2,3,0,1,0,1,5*358,1,1255.26,616.224,-155,-161.142,100,4,2,0,0,0,0,6|||0*0|
357,0,131.296,90.6318,25,108,100,2,3,0,1,0,1,5*358,1,1254.78,616.058,-155,-161.142,100,4,2,0,0,0,0,6|||0*0|
357,0,133.996,92.8927,30,108,100,2,3,0,1,1,0,5*358,1,1254.36,615.917,-155,-161.142,100,4,2,0,0,0,0,6|||0*0|
357,0,136.634,95.3438,25,108,100,2,3,0,1,1,0,5*358,1,1254.01,615.796,-155,-161.142,100,4,2,0,0,0,0,6|||0*0|
357,0,139.211,97.9852,30,108,100,2,3,0,1,1,0,5*358,1,1253.71,615.694,-155,-161.142,100,4,2,0,0,0,0,6|||0*0|
357,0,141.726,100.817,25,108,100,2,3,0,1,1,0,5*358,1,1253.46,615.607,-155,-161.142,100,4,2,0,0,0,0,6|||0*0|
357,0,144.179,103.838,20,108,100,2,3,0,1,1,0,5*358,1,1253.24,615.534,-155,-161.142,100,4,2,0,0,0,0,6|||0*0|
357,0,146.57,107.05,25,108,100,2,3,0,1,1,0,5*358,1,1253.06,615.471,-155,-161.142,100,4,2,0,0,0,0,6|||0*0|
357,0,148.899,110.453,20,108,100,2,3,0,1,1,0,5*358,1,1252.85,615.399,-155,-161.142,100,4,2,0,0,1,0,6|||0*0|
357,0,151.166,114.045,25,108,100,2,3,0,1,1,0,5*358,1,1252.61,615.316,-154,-161.142,100,4,2,0,1,1,0,6|||0*0|
357,0,153.372,117.828,20,108,100,2,3,0,1,1,0,5*358,1,1252.33,615.22,-153,-161.142,100,4,2,0,1,1,0,6|||0*0|
357,0,155.516,121.8,25,108,100,2,3,0,1,1,0,5*358,1,1252,615.111,-152,-161.142,100,4,2,0,1,1,0,6|||0*0|
357,0,157.66,125.773,20,112.5,100,2,3,0,1,0,1,5*358,1,1251.64,614.985,-151,-161.142,100,4,2,0,1,1,0,6|||0*0|
357,0,159.804,129.746,25,117,100,2,3,0,1,0,1,5*358,1,1251.21,614.839,-150,-161.142,100,4,2,0,1,1,0,6|||0*0|
357,0,161.948,133.719,20,121.5,100,2,3,0,1,0,1,5*358,1,1250.72,614.673,-149,-161.142,100,4,2,0,1,1,0,6|||0*0|
357,0,164.092,137.692,25,126,100,2,3,0,1,0,1,5*358,1,1250.16,614.481,-148,-161.142,100,4,2,0,1,1,0,6|||0*0|
357,0,166.235,141.665,20,130.5,100,2,3,0,1,0,1,5*358,1,1249.51,614.26,-147,-161.142,100,4,2,0,1,1,0,6|||0*0|
357,0,168.379,145.637,25,135,100,2,3,0,1,0,1,5*358,1,1248.77,614.006,-146,-161.142,100,4,2,0,1,1,0,6|||0*0|
357,0,170.523,149.61,20,139.5,100,2,3,0,1,0,1,5*358,1,1247.92,613.715,-145,-161.142,100,4,2,0,1,1,0,6|||0*0|
357,0,172.667,153.583,25,144,100,2,3,0,1,0,1,5*358,1,1246.93,613.379,-144,-161.142,100,4,2,0,1,1,0,6|||0*0|
357,0,174.811,157.556,20,148.5,100,2,3,0,1,0,1,5*358,1,1245.8,612.993,-143,-161.142,100,4,2,0,1,1,0,6|||0*0|
357,0,176.955,161.529,25,153,100,2,3,0,1,0,1,5*358,1,1244.51,612.549,-142,-161.142,100,4,2,0,1,1,0,6|||0*0|
357,0,179.099,165.501,20,157.5,100,2,3,0,1,0,1,5*358,1,1243.01,612.039,-141,-161.142,100,4,2,0,1,1,0,6|||0*0|
357,0,181.058,169.551,25,157.5,100,2,3,0,1,1,0,5*358,1,1241.29,611.452,-140,-161.142,100,4,2,0,1,1,0,6|||0*0|
357,0,182.832,173.677,20,157.5,100,2,3,0,1,1,0,5*358,1,1239.32,610.777,-139,-161.142,100,4,2,0,1,1,0,6|||0*0|
357,0,184.422,177.879,25,157.5,100,2,3,0,1,1,0,5*358,1,1237.04,610.001,-138,-161.142,100,4,2,0,1,1,0,6|||0*0|
357,0,185.827,182.158,20,157.5,100,2,3,0,1,1,0,5*358,1,1234.43,609.108,-139,-161.142,100,4,2,0,1,1,0,6|||0*0|
357,0,187.047,186.514,25,157.5,100,2,3,0,1,1,0,5*358,1,1231.43,608.081,-140,-161.142,100,4,2,0,1,1,0,6|||0*0|
357,0,188.082,190.946,20,157.5,100,2,3,0,1,1,0,5*358,1,1227.97,606.901,-141,-161.142,100,4,2,0,1,1,0,6|||0*0|
357,0,188.932,195.454,25,157.5,100,2,3,0,1,1,0,5*358,1,1223.99,605.543,-142,-161.142,100,4,2,0,1,1,0,6|||0*0|
357,0,189.598,200.039,20,157.5,100,2,3,0,1,1,0,5*358,1,1219.42,603.982,-143,-161.142,100,4,2,0,1,1,0,6|||0*0|
357,0,188.127,203.897,25,157.5,100,2,3,0,1,1,0,5*358,1,1214.17,602.186,-144,-161.142,100,4,2,0,1,1,0,6|||0*0|
357,0,184.502,206.866,20,162,100,2,3,0,1,0,1,5*358,1,1208.12,600.122,-145,-161.142,100,4,2,0,1,1,0,6|||0*0|
357,0,180.876,209.835,25,166.5,100,2,3,0,1,0,1,5*358,1,1201.5,597.859,-146,-161.142,100,4,2,0,1,1,0,6|||0*0|
357,0,177.25,212.805,20,171,100,2,3,0,1,0,1,5*358,1,1194.87,595.596,-147,-161.142,100,4,2,0,1,1,0,6|||0*0|
357,0,173.625,215.774,25,175.5,100,2,3,0,1,0,1,5*358,1,1188.25,593.334,-148,-161.142,100,4,2,0,1,1,0,6|||0*0|
357,0,169.999,218.743,20,180,100,2,3,0,1,0,1,5*358,1,1181.62,591.071,-149,-161.142,100,4,2,0,1,1,0,6|||0*0|
357,0,166.373,221.713,25,-175.5,100,2,3,0,1,0,1,5*358,1,1175,588.809,-150,-161.142,100,4,2,0,1,1,0,6|||0*0|
357,0,162.748,224.682,20,-171,100,2,3,0,1,0,1,5*358,1,1168.38,586.546,-151,-161.142,100,4,2,0,1,1,0,6|||0*0|
357,0,159.122,227.651,25,-166.5,100,2,3,0,1,0,1,5*358,1,1161.75,584.283,-152,-161.142,100,4,2,0,1,1,0,6|||0*0|
357,0,155.496,230.62,20,-162,100,2,3,0,1,0,1,5*358,1,1155.13,582.021,-153,-161.142,100,4,2,0,1,1,0,6|||0*0|
357,0,151.871,233.59,15,-157.5,100,2,3,0,1,0,1,5*358,1,1148.5,579.758,-154,-161.142,100,4,2,0,1,1,0,6|||0*0|
357,0,148.06,236.482,20,-157.5,100,2,3,0,1,1,0,5*358,1,1141.88,577.495,-155,-161.142,100,4,2,0,1,1,0,6|||0*0|
357,0,144.065,239.299,15,-157.5,100,2,3,0,1,1,0,5*358,1,1135.25,575.233,-156,-161.142,100,4,2,0,1,1,0,6|||0*0|
357,0,139.885,242.038,20,-157.5,100,2,3,0,1,1,0,5*358,1,1128.63,572.97,-157,-161.142,100,4,2,0,1,1,0,6|||0*0|
357,0,135.52,244.702,15,-157.5,100,2,3,0,1,1,0,5*358,1,1122.01,570.708,-158,-161.142,100,4,2,0,1,1,0,6|||0*0|
357,0,130.971,247.288,20,-157.5,100,2,3,0,1,1,0,5*358,1,1115.38,568.445,-159,-161.142,100,4,2,0,1,1,0,6|||0*0|
357,0,126.236,249.798,15,-157.5,100,2,3,0,1,1,0,5*358,1,1108.76,566.182,-160,-161.142,100,4,2,0,1,1,0,6|||0*0|
357,0,121.317,252.232,20,-157.5,100,2,3,0,1,1,0,5*358,1,1102.13,563.92,-161,-161.142,100,4,2,0,1,1,0,6|||0*0|
357,0,116.214,254.589,15,-157.5,100,2,3,0,1,1,0,5*358,1,1095.51,561.657,-162,-161.142,100,4,2,0,1,1,0,6|||0*0|
357,0,110.925,256.869,20,-157.5,100,2,3,0,1,1,0,5*358,1,1088.89,559.394,-163,-161.142,100,4,2,0,1,1,0,6|||0*0|
357,0,105.451,259.073,15,-157.5,100,2,3,0,1,1,0,5*358,1,1083.25,557.471,-163,-161.142,100,4,2,0,0,0,0,6|||0*0|
357,0,99.978,261.277,20,-153,100,2,3,0,1,0,1,5*358,1,1078.47,555.836,-163,-161.142,100,4,2,0,0,0,0,6|||0*0|
357,0,94.5046,263.481,15,-148.5,100,2,3,0,1,0,1,5*358,1,1074.42,554.716,-163,-161.142,100,4,2,0,0,0,0,6|||0*0|
357,0,89.0312,265.685,20,-144,100,2,3,0,1,0,1,5*358,1,1071.02,554.899,-163,-161.142,100,4,2,0,0,0,0,6|||0*0|
357,0,83.5578,267.889,25,-139.5,100,2,3,0,1,0,1,5*358,1,1067.05,554.996,-162,-161.142,100,4,2,0,1,1,0,6|||0*0|
357,0,78.0843,270.093,20,-135,100,2,3,0,1,0,1,5*358,1,1062.43,554.949,-161,-161.142,100,4,2,0,1,1,0,6|||0*0|
357,0,72.6109,272.297,25,-130.5,100,2,3,0,1,0,1,5*358,1,1057.07,554.68,-160,-161.142,100,4,2,0,1,1,0,6|||0*0|
357,0,67.1375,274.501,20,-126,100,2,3,0,1,0,1,5*358,1,1050.84,554.077,-159,-161.142,100,4,2,0,1,1,0,6|||0*0|
357,0,61.6641,276.705,25,-121.5,100,2,3,0,1,0,1,5*358,1,1044,553.048,-158,-161.142,100,4,2,0,1,1,0,6|||0*0|
357,0,56.1906,278.909,20,-117,100,2,3,0,1,0,1,5*358,1,1037.17,551.63,-157,-161.142,100,4,2,0,1,1,0,6|||0*0|
357,0,50.7172,281.113,15,-112.5,100,2,3,1,1,0,1,4*358,1,1030.41,549.826,-156,-161.142,100,4,2,0,1,1,0,6|368,2,141.212,311.35,20.885||0*0|
357,0,46,283.317,20,-108,100,2,3,0,1,0,1,4*358,1,1023.82,547.482,-155,-161.142,100,4,2,0,1,1,0,6|368,2,147.098,313.596,20.885||0*0|
357,0,51.4116,285.33,15,-108,100,2,3,0,1,1,0,4*358,1,1017.19,545.219,-156,-161.142,100,4,2,0,1,1,0,6|368,2,153.278,315.954,20.885||0*0|
357,0,56.7614,287.154,10,-108,100,2,3,0,1,1,0,4*358,1,1010.57,542.957,-157,-161.142,100,4,2,0,1,1,0,6|368,2,159.768,318.43,20.885||0*0|
357,0,62.0494,288.787,15,-108,100,2,3,0,1,1,0,4*358,1,1003.94,540.694,-158,-161.142,100,4,2,0,1,1,0,6|368,2,166.581,321.03,20.885||0*0|
357,0,67.2757,290.23,10,-108,100,2,3,0,1,1,0,4*358,1,997.318,538.431,-159,-161.142,100,4,2,0,1,1,0,6|368,2,173.736,323.76,20.885||0*0|
357,0,72.4401,291.483,15,-108,100,2,3,0,1,1,0,4*358,1,990.694,536.169,-160,-161.142,100,4,2,0,1,1,0,6|368,2,181.248,326.626,20.885||0*0|
357,0,77.5427,292.546,10,-108,100,2,3,0,1,1,0,4*358,1,984.07,533.906,-161,-161.142,100,4,2,0,1,1,0,6|368,2,189.136,329.636,20.885||0*0|
357,0,82.5835,293.418,15,-108,100,2,3,0,1,1,0,4*358,1,977.446,531.644,-162,-161.142,100,4,2,0,1,1,0,6|368,2,197.419,332.796,20.885||0*0|
357,0,87.5625,294.1,10,-108,100,2,3,0,1,1,0,4*358,1,970.821,529.381,-163,-161.142,100,4,2,0,1,1,0,6|368,2,206.115,336.114,20.885||0*0|
357,0,92.4796,294.593,15,-108,100,2,3,0,1,1,0,4*358,1,964.197,527.118,-164,-161.142,100,4,2,0,1,1,0,6|368,2,215.246,339.598,20.885||0*0|
357,0,97.3968,295.085,10,-103.5,100,2,3,0,1,0,1,4*358,1,957.573,524.856,-165,-161.142,100,4,2,0,1,1,0,6|368,2,224.834,343.257,20.885||0*0|
357,0,102.314,295.577,15,-99,80,2,3,0,1,0,1,4*358,1,950.949,522.593,-165,-161.142,100,4,2,1,0,1,0,5|368,2,234.901,347.098,20.885|5,883.885,506.251,141.948,318.925|0*0|
357,0,107.231,296.069,10,-94.5,80,2,3,0,1,0,1,4*358,1,944.324,520.33,-165,-164.642,100,4,2,0,0,1,1,5|368,2,245.472,351.131,20.885||0*0|
357,0,112.148,296.561,15,-90,80,2,3,0,1,0,1,4*358,1,937.574,518.476,-165,-168.142,100,4,2,0,0,1,1,5|368,2,256.571,355.366,20.885||0*0|
357,0,117.066,297.053,10,-85.5,80,2,3,0,1,0,1,4*358,1,930.724,517.038,-165,-171.642,100,4,2,0,0,1,1,5|368,2,268.225,359.813,20.885||0*0|
357,0,121.983,297.545,15,-81,80,2,3,0,1,0,1,4*358,1,923.798,516.02,-165,-175.142,100,4,2,0,0,1,1,5|368,2,280.462,364.482,20.885||0*0|
357,0,126.9,298.037,20,-76.5,80,2,3,0,1,0,1,4*358,1,916.823,515.428,-165,-178.642,100,4,2,0,0,1,1,5|368,2,293.31,369.385,20.885||0*0|
357,0,131.817,298.529,15,-72,80,2,3,0,1,0,1,4*358,1,909.825,515.262,-165,177.858,100,4,2,0,0,1,1,5|368,2,306.801,374.532,20.885||0*0|
357,0,136.734,299.021,20,-67.5,80,2,3,0,1,0,1,4*358,1,902.83,515.523,-165,174.358,100,4,2,0,0,1,1,5|368,2,320.967,379.937,20.885||0*0|
357,0,141.652,299.513,25,-63,80,2,3,0,1,0,1,4*358,1,895.864,516.211,-164,170.858,100,4,2,0,1,1,1,5|368,2,335.84,385.613,20.885||0*0|
357,0,146.66,299.827,20,-63,80,2,3,0,1,1,0,4*358,1,888.953,517.323,-164,167.358,100,4,2,0,0,1,1,5|368,2,351.458,391.572,20.885||0*0|
357,0,151.758,299.962,25,-63,80,2,3,0,1,1,0,4*358,1,882.123,518.855,-164,163.858,100,4,2,0,0,1,1,5|368,2,367.856,397.829,20.885||0*0|
357,0,156.948,299.92,30,-63,80,2,3,0,1,1,0,4*358,1,875.399,520.801,-163,160.358,100,4,2,0,1,1,1,5|368,2,385.075,404.399,20.885||0*0|
357,0,162.228,299.699,35,-63,80,2,3,0,1,1,0,4*358,1,868.806,523.154,-163,156.858,100,4,2,0,0,1,1,5|368,2,403.154,411.297,20.885||0*0|
357,0,167.599,299.3,30,-63,80,2,3,0,1,1,0,4*358,1,862.369,525.905,-163,153.358,100,4,2,0,0,1,1,5|368,2,422.137,418.54,20.885||0*0|
357,0,173.061,298.723,35,-63,80,2,3,0,1,1,0,4*358,1,856.112,529.044,-162,149.858,100,4,2,0,1,1,1,5|368,2,442.069,426.146,20.885||0*0|
357,0,178.614,297.968,40,-63,80,2,3,0,1,1,0,4*358,1,850.059,532.559,-162,146.358,100,4,2,0,0,1,1,5|368,2,462.998,434.131,20.885||0*0|
357,0,184.258,297.034,35,-63,80,2,3,0,1,1,0,4*358,1,844.231,536.437,-161,142.858,100,4,2,0,1,1,1,5|368,2,484.974,442.516,20.885||0*0|
357,0,188.339,296.612,40,-63,80,2,3,0,1,1,0,4*358,1,838.651,540.664,-160,139.358,100,4,2,0,1,1,1,5|368,2,508.048,451.321,20.885||0*0|
357,0,183.606,299.73,35,-63,80,2,3,0,1,1,0,4*358,1,833.34,545.223,-160,135.858,100,4,2,0,0,1,1,5|368,2,532.276,460.565,20.885||0*0|
357,0,178.874,302.847,30,-58.5,80,2,3,0,1,0,1,4*358,1,828.316,550.098,-159,132.358,100,4,2,0,1,1,1,5|368,2,557.715,470.272,20.885||0*0|
357,0,174.142,305.964,25,-54,80,2,3,0,1,0,1,4*358,1,823.6,555.271,-159,128.858,100,4,2,0,0,1,1,5|368,2,584.426,480.464,20.885||0*0|
357,0,169.41,309.081,20,-49.5,80,2,3,0,1,0,1,4*358,1,819.208,560.721,-159,125.358,100,4,2,0,0,1,1,5|368,2,612.473,491.166,20.885||0*0|
357,0,164.678,312.198,25,-45,80,2,3,0,1,0,1,4*358,1,815.157,566.43,-159,125.358,100,4,2,0,0,1,0,5|368,2,641.922,502.402,20.885||0*0|
357,0,159.946,315.315,20,-40.5,80,2,3,0,1,0,1,4*358,1,811.106,572.139,-159,125.358,100,4,2,0,0,1,0,5|368,2,672.844,514.201,20.885||0*0|
357,0,155.214,318.432,15,-36,80,2,3,0,1,0,1,4*358,1,807.056,577.848,-159,125.358,100,4,2,0,0,1,0,5|368,2,705.312,526.589,20.885||0*0|
357,0,150.482,321.549,20,-31.5,80,2,3,0,1,0,1,4*358,1,803.005,583.557,-158,125.358,100,4,2,0,1,1,0,5|368,2,739.403,539.597,20.885||0*0|
357,0,145.75,324.666,15,-27,80,2,3,0,1,0,1,4*358,1,798.954,589.266,-158,125.358,65,4,2,0,0,1,0,5||2,775.198,553.255|0*0|
357,0,141.018,327.783,10,-22.5,80,2,3,0,1,0,1,4*358,1,794.903,594.974,-158,121.858,65,4,2,0,0,1,1,5|||0*0|
357,0,136.286,330.901,15,-18,80,2,3,0,1,0,1,4*358,1,791.208,600.92,-158,118.358,65,4,2,0,0,1,1,5|||0*0|
357,0,131.554,334.018,10,-13.5,80,2,3,0,1,0,1,4*358,1,787.883,607.08,-158,114.858,65,4,2,0,0,1,1,5|||0*0|
357,0,127.016,337.088,15,-13.5,80,2,3,0,1,1,0,4*358,1,784.941,613.431,-158,111.358,65,4,2,0,0,1,1,5|||0*0|
357,0,122.673,340.112,20,-13.5,80,2,3,0,1,1,0,4*358,1,782.391,619.951,-157,107.858,65,4,2,0,1,1,1,5|||0*0|
357,0,118.524,343.089,25,-13.5,80,2,3,0,1,1,0,4*358,1,780.245,626.613,-157,104.358,65,4,2,0,0,1,1,5|||0*0|
357,0,114.57,346.019,30,-13.5,80,2,3,0,1,1,0,4*358,1,778.509,630,-157,100.858,65,4,2,0,0,1,1,5|||0*0|
357,0,110.81,348.903,25,-13.5,80,2,3,0,1,1,0,4*358,1,777.19,630,-157,97.3585,65,4,2,0,0,1,1,5|||0*0|
357,0,107.245,351.74,20,-13.5,80,2,3,0,1,1,0,4*358,1,776.293,630,-157,93.8585,65,4,2,0,0,1,1,5|||0*0|
357,0,103.874,354.53,15,-13.5,80,2,3,0,1,1,0,4*358,1,775.822,630,-157,90.3585,65,4,2,0,0,1,1,5|||0*0|
357,0,100.698,357.274,10,-13.5,80,2,3,0,1,1,0,4*358,1,775.779,630,-156,86.8585,65,4,2,0,1,1,1,5|||0*0|
357,0,97.7163,359.97,5,-13.5,80,2,3,0,1,1,0,4*358,1,776.162,630,-155,83.3585,65,4,2,0,1,1,1,5|||0*0|
357,0,94.7345,362.667,0,-9,80,2,3,0,1,0,1,4*358,1,776.972,630,-154,79.8585,65,4,2,0,1,1,1,5|||0*0|
357,0,91.7526,365.364,5,-4.5,80,2,3,0,1,0,1,4*358,1,778.204,630,-153,76.3585,65,4,2,0,1,1,1,5|||0*0|
357,0,88.7708,368.061,0,0,80,2,3,0,1,0,1,4*358,1,779.855,630,-152,72.8585,65,4,2,0,1,1,1,5|||0*0|
357,0,85.789,370.758,-5,4.5,80,2,3,0,1,0,1,4*358,1,781.918,630,-151,69.3585,65,4,2,0,1,1,1,5|||0*0|
357,0,82.8072,373.455,0,9,80,2,3,0,1,0,1,4*358,1,784.386,630,-150,65.8585,65,4,2,0,1,1,1,5|||0*0|
357,0,79.8254,376.152,-5,13.5,80,2,3,0,1,0,1,4*358,1,787.249,630,-151,62.3585,65,4,2,0,1,1,1,5|||0*0|
357,0,76.8436,378.849,0,18,80,2,3,0,1,0,1,4*358,1,790.497,630,-152,58.8585,65,4,2,0,1,1,1,5|||0*0|
357,0,73.8618,381.546,-5,22.5,80,2,3,0,1,0,1,4*358,1,794.117,630,-153,55.3585,65,4,2,0,1,1,1,5|||0*0|
357,0,70.88,384.242,0,27,80,2,3,0,1,0,1,4*358,1,798.096,630,-154,51.8585,65,4,2,0,1,1,1,5|||0*0|
357,0,67.8982,386.939,5,31.5,80,2,3,0,1,0,1,4*358,1,802.419,630,-155,55.3585,65,4,2,0,1,1,1,5|||0*0|
357,0,65.0869,389.741,0,31.5,80,2,3,0,1,1,0,4*358,1,806.398,630,-156,58.8585,65,4,2,0,1,1,1,5|||0*0|
357,0,62.4461,392.647,-5,31.5,80,2,3,0,1,1,0,4*358,1,810.018,630,-157,62.3585,65,4,2,0,1,1,1,5|||0*0|
357,0,59.9759,395.657,0,31.5,80,2,3,0,1,1,0,4*358,1,813.266,630,-158,65.8585,65,4,2,0,1,1,1,5|||0*0|
357,0,57.6762,398.772,-5,31.5,80,2,3,0,1,1,0,4*358,1,816.129,630,-159,69.3585,65,4,2,0,1,1,1,5|||0*0|
357,0,55.547,401.991,0,31.5,80,2,3,0,1,1,0,4*358,1,818.596,630,-160,72.8585,65,4,2,0,1,1,1,5|||0*0|
357,0,53.5884,405.315,-5,31.5,80,2,3,0,1,1,0,4*358,1,820.659,630,-161,76.3585,65,4,2,0,1,1,1,5|||0*0|
357,0,51.8003,408.744,0,31.5,80,2,3,0,1,1,0,4*358,1,822.31,630,-162,79.8585,65,4,2,0,1,1,1,5|||0*0|
357,0,50.1827,412.276,-5,31.5,80,2,3,0,1,1,0,4*358,1,823.543,630,-163,83.3585,65,4,2,0,1,1,1,5|||0*0|
357,0,48.7356,415.914,0,31.5,80,2,3,0,1,1,0,4*358,1,824.353,630,-164,86.8585,65,4,2,0,1,1,1,5|||0*0|
357,0,47.4591,419.656,-5,31.5,60,2,3,0,1,1,0,4*358,1,824.736,630,-164,90.3585,65,4,2,1,0,1,1,4||5,751.041,609.965,92.2952,429.938|0*0|
357,0,46.1825,423.398,0,36,60,2,3,0,1,0,1,4*358,1,824.692,630,-163,86.8585,65,4,2,0,1,1,1,4|||0*0|
357,0,46,427.14,-5,40.5,60,2,3,0,1,0,1,4*358,1,825.076,630,-162,83.3585,65,4,2,0,1,1,1,4|||0*0|
357,0,47.2765,430.881,-10,45,60,2,3,0,1,0,1,4*358,1,825.886,630,-161,79.8585,65,4,2,0,1,1,1,4|||0*0|
357,0,48.5531,434.623,-5,49.5,60,2,3,0,1,0,1,4*358,1,827.118,630,-160,76.3585,65,4,2,0,1,1,1,4|||0*0|
357,0,49.8296,438.365,-10,54,60,2,3,0,1,0,1,4*358,1,828.769,630,-159,72.8585,65,4,2,0,1,1,1,4|||0*0|
357,0,51.1061,442.107,-5,58.5,60,2,3,0,1,0,1,4*358,1,830.832,630,-158,69.3585,65,4,2,0,1,1,1,4|||0*0|
357,0,52.3827,445.849,-10,63,60,2,3,0,1,0,1,4*358,1,833.3,630,-157,65.8585,65,4,2,0,1,1,1,4|||0*0|
357,0,53.6592,449.591,-5,67.5,60,2,3,0,1,0,1,4*358,1,836.163,630,-158,62.3585,65,4,2,0,1,1,1,4|||0*0|
357,0,54.9357,453.333,-10,72,60,2,3,0,1,0,1,4*358,1,839.41,630,-159,58.8585,65,4,2,0,1,1,1,4|||0*0|
357,0,56.2123,457.075,-5,76.5,60,2,3,0,1,0,1,4*358,1,843.03,630,-160,55.3585,65,4,2,0,1,1,1,4|||0*0|
357,0,57.4888,460.817,-10,81,60,2,3,0,1,0,1,4*358,1,847.009,630,-161,51.8585,65,4,2,0,1,1,1,4|||0*0|
357,0,58.7966,464.756,-5,81,60,2,3,0,1,1,0,4*358,1,851.333,630,-162,48.3585,65,4,2,0,1,1,1,4|||0*0|
357,0,60.1357,468.893,0,81,60,2,3,0,1,1,0,4*358,1,855.984,630,-163,44.8585,65,4,2,0,1,1,1,4|||0*0|
357,0,61.5061,473.227,-5,81,60,2,3,0,1,1,0,4*358,1,860.946,630,-164,41.3585,65,4,2,0,1,1,1,4|||0*0|
357,0,62.9078,477.759,0,81,60,2,3,0,1,1,0,4*358,1,866.2,630,-165,37.8585,65,4,2,0,1,1,1,4|||0*0|
357,0,64.3407,482.489,-5,81,60,2,3,0,1,1,0,4*358,1,871.727,630,-166,34.3585,65,4,2,0,1,1,1,4|||0*0|
357,0,65.805,487.416,0,81,60,2,3,0,1,1,0,4*358,1,877.505,630,-167,30.8585,65,4,2,0,1,1,1,4|||0*0|
357,0,67.3005,492.541,-5,81,60,2,3,0,1,1,0,4*358,1,883.514,630,-168,27.3585,65,4,2,0,1,1,1,4|||0*0|
357,0,68.8274,497.863,0,81,60,2,3,0,1,1,0,4*358,1,889.732,630,-169,23.8585,65,4,2,0,1,1,1,4|||0*0|
357,0,70.3855,503.383,-5,81,60,2,3,0,1,1,0,4*358,1,896.133,630,-170,20.3585,65,4,2,0,1,1,1,4|||0*0|
357,0,71.9436,508.902,0,85.5,60,2,3,0,1,0,1,4*358,1,902.696,630,-171,16.8585,65,4,2,0,1,1,1,4|||0*0|
357,0,73.5017,514.422,5,90,60,2,3,0,1,0,1,4*358,1,909.395,630,-172,20.3585,65,4,2,0,1,1,1,4|||0*0|
357,0,75.0598,519.942,0,94.5,60,2,3,0,1,0,1,4*358,1,915.958,630,-172,23.8585,65,4,2,0,0,1,1,4|||0*0|
357,0,76.6179,525.462,-5,99,60,2,3,0,1,0,1,4*358,1,922.36,630,-171,27.3585,65,4,2,0,1,1,1,4|||0*0|
357,0,78.176,530.981,0,103.5,60,2,3,0,1,0,1,4*358,1,928.577,630,-170,30.8585,65,4,2,0,1,1,1,4|||0*0|
357,0,79.7342,536.501,-5,108,60,2,3,0,1,0,1,4*358,1,934.586,630,-169,34.3585,65,4,2,0,1,1,1,4|||0*0|
357,0,81.2923,542.021,0,112.5,60,2,3,0,1,0,1,4*358,1,940.365,630,-168,37.8585,65,4,2,0,1,1,1,4|||0*0|
357,0,82.8504,547.541,-5,117,60,2,3,0,1,0,1,4*358,1,945.891,630,-167,41.3585,65,4,2,0,1,1,1,4|||0*0|
357,0,84.4085,553.06,-10,121.5,60,2,3,0,1,0,1,4*358,1,951.145,630,-166,44.8585,65,4,2,0,1,1,1,4|||0*0|
357,0,85.9666,558.58,-5,126,60,2,3,0,1,0,1,4*358,1,956.107,630,-165,48.3585,65,4,2,0,1,1,1,4|||0*0|
357,0,87.4072,564.262,-10,126,60,2,3,0,1,1,0,4*358,1,960.759,630,-166,51.8585,65,4,2,0,1,1,1,4|||0*0|
357,0,88.7302,570.105,-5,126,60,2,3,0,1,1,0,4*358,1,965.082,630,-167,55.3585,65,4,2,0,1,1,1,4|||0*0|
357,0,85.2034,574.959,-10,126,60,2,3,0,1,1,0,4*358,1,969.061,630,-168,58.8585,65,4,2,0,1,1,1,4|||0*0|
357,0,81.6767,579.813,-15,126,60,2,3,0,1,1,0,4*358,1,972.681,630,-169,62.3585,65,4,2,0,1,1,1,4|||0*0|
357,0,78.15,584.667,-10,126,60,2,3,0,1,1,0,4*358,1,975.929,630,-170,65.8585,65,4,2,0,1,1,1,4|||0*0|
357,0,74.6233,589.521,-15,126,60,2,3,0,1,1,0,5*358,1,978.792,630,-171,69.3585,65,4,2,0,1,1,1,4|||999*0|
357,0,71.0966,594.375,-10,126,60,2,3,0,1,1,0,5*358,1,981.259,630,-172,72.8585,65,4,2,0,1,1,1,4|||998*0|
357,0,67.5699,599.229,-15,126,60,2,3,0,1,1,0,5*358,1,983.322,630,-173,76.3585,65,4,2,0,1,1,1,4|||997*0|
357,0,64.0432,604.084,-10,126,60,2,3,0,1,1,0,5*358,1,984.973,630,-174,79.8585,65,4,2,0,1,1,1,4|||996*0|
357,0,60.5165,608.938,-15,126,60,2,3,0,1,1,0,5*358,1,986.206,630,-175,83.3585,65,4,2,0,1,1,1,4|||995*0|
357,0,56.9898,613.792,-20,130.5,60,2,3,0,1,0,1,5*358,1,987.015,630,-176,86.8585,65,4,2,0,1,1,1,4|||994*0|
357,0,53.463,618.646,-15,135,60,2,3,0,1,0,1,5*358,1,987.399,630,-177,90.3585,65,4,2,0,1,1,1,4|||993*0|
357,0,49.9363,623.5,-20,139.5,60,2,3,0,1,0,1,5*358,1,987.355,630,-178,93.8585,65,4,2,0,1,1,1,4|||992*0|
357,0,46.4096,628.354,-15,144,60,2,3,0,1,0,1,5*358,1,986.884,630,-179,97.3585,65,4,2,0,1,1,1,4|||991*0|
357,0,46,633.208,-20,148.5,60,2,3,0,1,0,1,5*358,1,985.988,630,180,100.858,65,4,2,0,1,1,1,4|||990*0|
357,0,49.5267,634,-15,153,60,2,3,1,1,0,1,4*358,1,984.669,630,180,104.358,65,4,2,0,0,1,1,4|371,2,131.323,601.57,-20.345||989*0|
357,0,53.0534,629.146,-20,157.5,60,2,3,0,1,0,1,4*358,1,982.933,630,180,107.858,65,4,2,0,0,1,1,4|371,2,137.23,599.38,-20.345||988*0|
357,0,56.5801,624.292,-15,162,60,2,3,0,1,0,1,4*358,1,980.786,630,180,111.358,65,4,2,0,0,1,1,4|371,2,143.432,597.08,-20.345||987*0|
357,0,60.1068,619.438,-20,166.5,60,2,3,0,1,0,1,4*358,1,978.237,630,180,114.858,65,4,2,0,0,1,1,4|371,2,149.945,594.665,-20.345||986*0|
357,0,63.6336,614.584,-15,171,60,2,3,0,1,0,1,4*358,1,975.294,630,-179,118.358,65,4,2,0,1,1,1,4|371,2,156.783,592.129,-20.345||985*0|
357,0,67.1603,609.729,-20,175.5,40,2,3,0,1,0,1,4*358,1,971.969,630,-179,121.858,65,4,2,1,0,1,1,3|371,2,163.963,589.467,-20.345|5,899.305,628.733,112.781,615.622|984*0|
357,0,70.4876,604.891,-15,175.5,40,2,3,0,1,1,0,4*358,1,968.275,630,-179,118.358,65,4,2,0,0,1,1,3|371,2,171.502,586.672,-20.345||983*0|
357,0,73.6155,600.068,-20,175.5,40,2,3,0,1,1,0,4*358,1,964.95,630,-178,114.858,65,4,2,0,1,1,1,3|371,2,179.418,583.736,-20.345||982*0|
357,0,76.5441,595.261,-15,175.5,40,2,3,0,1,1,0,4*358,1,962.007,630,-178,111.358,65,4,2,0,0,1,1,3|371,2,187.729,580.654,-20.345||981*0|
357,0,79.2733,590.47,-20,175.5,40,2,3,0,1,1,0,4*358,1,959.458,630,-178,107.858,65,4,2,0,0,1,1,3|371,2,196.457,577.418,-20.345||980*0|
357,0,81.8031,585.694,-15,175.5,40,2,3,0,1,1,0,4*358,1,957.311,630,-177,104.358,65,4,2,0,1,1,1,3|371,2,205.62,574.02,-20.345||979*0|
357,0,84.1335,580.934,-20,175.5,40,2,3,0,1,1,0,4*358,1,955.575,630,-177,100.858,65,4,2,0,0,1,1,3|371,2,215.242,570.452,-20.345||978*0|
357,0,86.2645,576.19,-15,175.5,40,2,3,0,1,1,0,4*358,1,954.256,630,-177,97.3585,65,4,2,0,0,1,1,3|371,2,225.345,566.706,-20.345||977*0|
357,0,88.1962,571.462,-20,175.5,40,2,3,0,1,1,0,4*358,1,953.36,630,-176,93.8585,65,4,2,0,1,1,1,3|371,2,235.953,562.773,-20.345||976*0|
357,0,89.9284,566.749,-15,175.5,40,2,3,0,1,1,0,4*358,1,952.889,630,-176,90.3585,65,4,2,0,0,1,1,3|371,2,247.092,558.642,-20.345||975*0|
357,0,91.6607,562.036,-20,180,40,2,3,0,1,0,1,4*358,1,952.845,630,-176,86.8585,65,4,2,0,0,1,1,3|371,2,258.787,554.306,-20.345||974*0|
357,0,93.3929,557.323,-15,-175.5,40,2,3,0,1,0,1,4*358,1,953.229,630,-176,83.3585,65,4,2,0,0,1,1,3|371,2,271.067,549.752,-20.345||973*0|
357,0,95.1252,552.61,-10,-171,40,2,3,0,1,0,1,4*358,1,954.038,630,-175,79.8585,65,4,2,0,1,1,1,3|371,2,283.962,544.971,-20.345||972*0|
357,0,96.8575,547.897,-15,-166.5,40,2,3,0,1,0,1,4*358,1,955.271,630,-175,76.3585,65,4,2,0,0,1,1,3|371,2,297.501,539.951,-20.345||971*0|
357,0,98.5897,543.184,-10,-162,40,2,3,0,1,0,1,4*358,1,956.922,630,-175,72.8585,65,4,2,0,0,1,1,3|371,2,311.716,534.679,-20.345||970*0|
357,0,100.322,538.471,-15,-157.5,40,2,3,0,1,0,1,4*358,1,958.985,630,-174,69.3585,65,4,2,0,1,1,1,3|371,2,326.643,529.145,-20.345||969*0|
357,0,102.054,533.759,-10,-153,40,2,3,0,1,0,1,4*358,1,961.452,630,-174,65.8585,65,4,2,0,0,1,1,3|371,2,342.316,523.333,-20.345||968*0|
357,0,103.786,529.046,-15,-148.5,40,2,3,0,1,0,1,4*358,1,964.315,630,-174,62.3585,65,4,2,0,0,1,1,3|371,2,358.773,517.231,-20.345||967*0|
357,0,105.519,524.333,-10,-144,40,2,3,0,1,0,1,4*358,1,967.563,630,-173,58.8585,65,4,2,0,1,1,1,3|371,2,376.052,510.823,-20.345||966*0|
357,0,107.251,519.62,-5,-139.5,40,2,3,0,1,0,1,4*358,1,971.183,630,-173,55.3585,65,4,2,0,0,1,1,3|371,2,394.196,504.096,-20.345||965*0|
357,0,108.831,514.777,-10,-139.5,40,2,3,0,1,1,0,4*358,1,975.162,630,-173,51.8585,65,4,2,0,0,1,1,3|371,2,413.246,497.032,-20.345||964*0|
357,0,110.259,509.805,-5,-139.5,40,2,3,0,1,1,0,4*358,1,979.485,630,-172,48.3585,65,4,2,0,1,1,1,3|371,2,433.249,489.614,-20.345||963*0|
357,0,111.535,504.702,-10,-139.5,40,2,3,0,1,1,0,4*358,1,984.137,630,-172,51.8585,65,4,2,0,0,1,1,3|371,2,454.253,481.826,-20.345||962*0|
357,0,112.659,499.47,-5,-139.5,40,2,3,0,1,1,0,4*358,1,988.46,630,-172,55.3585,65,4,2,0,0,1,1,3|371,2,476.306,473.649,-20.345||961*0|
357,0,113.631,494.107,-10,-139.5,40,2,3,0,1,1,0,4*358,1,992.439,630,-172,58.8585,65,4,2,0,0,1,1,3|371,2,499.462,465.062,-20.345||960*0|
357,0,114.451,488.615,-5,-139.5,40,2,3,0,1,1,0,4*358,1,996.059,630,-171,62.3585,65,4,2,0,1,1,1,3|371,2,523.776,456.047,-20.345||959*0|
357,0,115.119,482.993,-10,-139.5,40,2,3,0,1,1,0,4*358,1,999.307,630,-171,65.8585,65,4,2,0,0,1,1,3|371,2,549.306,446.58,-20.345||958*0|
357,0,115.634,477.241,-5,-139.5,40,2,3,0,1,1,0,4*358,1,1002.17,630,-171,69.3585,65,4,2,0,0,1,1,3|371,2,576.112,436.64,-20.345||957*0|
357,0,115.998,471.359,-10,-139.5,40,2,3,0,1,1,0,4*358,1,1004.64,630,-170,72.8585,65,4,2,0,1,1,1,3|371,2,604.258,426.204,-20.345||956*0|
357,0,111.435,467.462,-5,-139.5,40,2,3,0,1,1,0,4*358,1,1006.7,630,-170,76.3585,65,4,2,0,0,1,1,3|371,2,633.812,415.245,-20.345||955*0|
357,0,106.873,463.566,-10,-135,40,2,3,0,1,0,1,4*358,1,1008.35,630,-170,79.8585,65,4,2,0,0,1,1,3|371,2,664.843,403.738,-20.345||954*0|
357,0,102.31,459.669,-5,-130.5,40,2,3,0,1,0,1,4*358,1,1009.58,630,-170,83.3585,65,4,2,0,0,1,1,3|371,2,697.426,391.656,-20.345||953*0|
357,0,97.748,455.772,-10,-126,40,2,3,0,1,0,1,4*358,1,1010.39,630,-169,86.8585,65,4,2,0,1,1,1,3|371,2,731.639,378.97,-20.345||952*0|
357,0,93.1855,451.876,-5,-121.5,40,2,3,0,1,0,1,4*358,1,1010.78,630,-169,90.3585,65,4,2,0,0,1,1,3|371,2,767.561,365.65,-20.345||951*0|
357,0,88.6231,447.979,-10,-117,40,2,3,0,1,0,1,4*358,1,1010.73,630,-169,93.8585,65,4,2,0,0,1,1,3|371,2,805.28,351.664,-20.345||950*0|
357,0,84.0607,444.082,-5,-112.5,40,2,3,0,1,0,1,4*358,1,1010.26,630,-169,97.3585,65,4,2,0,0,1,1,3|371,2,844.885,336.978,-20.345||949*0|
357,0,79.4982,440.186,-10,-108,40,2,3,0,1,0,1,4*358,1,1009.37,630,-169,100.858,65,4,2,0,0,1,1,3|371,2,886.47,321.558,-20.345||948*0|
357,0,74.9358,436.289,-5,-103.5,40,2,3,0,1,0,1,4*358,1,1008.05,630,-168,104.358,65,4,2,0,1,1,1,3|371,2,930.135,305.367,-20.345||947*0|
357,0,70.3734,432.392,-10,-99,40,2,3,0,1,0,1,4*358,1,1006.31,630,-168,107.858,65,4,2,0,0,1,1,3|371,2,975.982,288.367,-20.345||946*0|
357,0,65.8109,428.495,-5,-94.5,40,2,3,0,1,0,1,4*358,1,1004.16,630,-168,111.358,65,4,2,0,0,1,1,3|371,2,1024.12,270.516,-20.345||945*0|
357,0,61.2485,424.599,0,-90,40,2,3,0,1,0,1,4*358,1,1001.61,630,-168,114.858,65,4,2,0,0,1,1,3|371,2,1074.67,251.773,-20.345||944*0|
357,0,61.2485,418.599,-5,-90,40,2,3,0,1,1,0,4*358,1,998.672,630,-168,118.358,65,4,2,0,0,1,1,3|371,2,1127.74,232.093,-20.345||943*0|
357,0,61.2485,412.599,0,-90,40,2,3,0,1,1,0,4*358,1,995.347,630,-167,121.858,65,4,2,0,1,1,1,3|371,2,1183.47,211.429,-20.345||942*0|
357,0,61.2485,406.599,-5,-90,40,2,3,0,1,1,0,4*358,1,991.653,630,-167,125.358,65,4,2,0,0,1,1,3|371,2,1241.99,189.732,-20.345||941*0|
357,0,61.2485,400.599,0,-90,40,2,3,0,1,1,0,4*358,1,987.602,630,-166,128.858,65,4,2,0,1,1,1,3|371,2,1303.43,166.949,-20.345||940*0|
357,0,61.2485,394.599,5,-90,40,2,3,0,1,1,0,4*358,1,983.21,630,-166,132.358,65,4,2,0,0,1,1,3||2,1367.94,143.028|939*0|
357,0,61.2485,388.599,0,-90,40,2,3,0,1,1,0,4*358,1,978.494,630,-166,135.858,65,4,2,0,0,1,1,3|||938*0|
357,0,61.2485,382.599,5,-90,40,2,3,0,1,1,0,4*358,1,973.47,630,-165,139.358,65,4,2,0,1,1,1,3|||937*0|
357,0,61.2485,376.599,0,-90,40,2,3,0,1,1,0,4*358,1,968.159,630,-165,142.858,65,4,2,0,0,1,1,3|||936*0|
357,0,61.2485,370.599,5,-90,40,2,3,0,1,1,0,4*358,1,962.579,630,-164,146.358,65,4,2,0,1,1,1,3|||935*0|
357,0,61.2485,364.599,10,-85.5,20,2,3,0,1,0,1,4*358,1,956.751,630,-164,149.858,65,4,2,1,0,1,1,2||5,889.32,609.773,98.597,391.452|934*0|
357,0,61.2485,358.599,15,-81,20,2,3,0,1,0,1,4*358,1,950.698,630,-163,146.358,65,4,2,0,1,1,1,2|||933*0|
357,0,61.2485,352.599,10,-76.5,20,2,3,0,1,0,1,4*358,1,944.87,630,-163,142.858,65,4,2,0,0,1,1,2|||932*0|
357,0,61.2485,346.599,15,-72,20,2,3,0,1,0,1,4*358,1,939.29,630,-163,139.358,65,4,2,0,0,1,1,2|||931*0|
357,0,61.2485,340.599,10,-67.5,20,2,3,0,1,0,1,4*358,1,933.978,630,-162,135.858,65,4,2,0,1,1,1,2|||930*0|
357,0,61.2485,334.599,15,-63,20,2,3,0,1,0,1,4*358,1,928.955,630,-162,132.358,65,4,2,0,0,1,1,2|||929*0|
357,0,61.2485,328.599,10,-58.5,20,2,3,0,1,0,1,4*358,1,924.239,630,-161,128.858,65,4,2,0,1,1,1,2|||928*0|
357,0,61.2485,322.599,5,-54,20,2,3,0,1,0,1,4*358,1,919.847,630,-161,125.358,65,4,2,0,0,1,1,2|||927*0|
357,0,61.2485,316.599,10,-49.5,20,2,3,0,1,0,1,4*358,1,915.796,630,-160,121.858,65,4,2,0,1,1,1,2|||926*0|
357,0,61.2485,310.599,5,-45,20,2,3,0,1,0,1,4*358,1,912.101,630,-160,118.358,65,4,2,0,0,1,1,2|||925*0|
357,0,65.4911,306.356,10,-45,20,2,3,0,1,1,0,4*358,1,908.776,630,-159,114.858,65,4,2,0,1,1,1,2|||924*0|
357,0,69.7338,302.113,5,-45,20,2,3,0,1,1,0,4*358,1,905.834,630,-159,111.358,65,4,2,0,0,1,1,2|||923*0|
357,0,73.9764,297.871,10,-45,20,2,3,0,1,1,0,4*358,1,903.284,630,-159,107.858,65,4,2,0,0,1,1,2|||922*0|
357,0,78.219,293.628,5,-45,20,2,3,0,1,1,0,4*358,1,901.138,630,-158,104.358,65,4,2,0,1,1,1,2|||921*0|
357,0,82.4617,289.386,10,-45,20,2,3,0,1,1,0,4*358,1,899.402,630,-158,100.858,65,4,2,0,0,1,1,2|||920*0|
357,0,86.7043,285.143,5,-45,20,2,3,0,1,1,0,4*358,1,898.083,630,-157,97.3585,65,4,2,0,1,1,1,2|||919*0|
357,0,90.947,280.9,10,-45,20,2,3,0,1,1,0,4*358,1,897.186,630,-157,93.8585,65,4,2,0,0,1,1,2|||918*0|
357,0,95.1896,276.658,5,-45,20,2,3,0,1,1,0,4*358,1,896.715,630,-157,90.3585,65,4,2,0,0,1,1,2|||917*0|
357,0,99.4322,272.415,10,-45,20,2,3,0,1,1,0,4*358,1,896.672,630,-156,86.8585,65,4,2,0,1,1,1,2|||916*0|
357,0,103.675,268.172,5,-45,20,2,3,0,1,1,0,4*358,1,897.055,630,-156,83.3585,65,4,2,0,0,1,1,2|||915*0|
357,0,107.918,263.93,10,-40.5,20,2,3,0,1,0,1,4*358,1,897.865,630,-156,79.8585,65,4,2,0,0,1,1,2|||914*0|
357,0,112.16,259.687,5,-36,20,2,3,0,1,0,1,4*358,1,899.097,630,-155,76.3585,65,4,2,0,1,1,1,2|||913*0|
357,0,116.403,255.444,10,-31.5,20,2,3,0,1,0,1,4*358,1,900.748,630,-155,79.8585,65,4,2,0,0,1,1,2|||912*0|
357,0,120.645,251.202,5,-27,20,2,3,0,1,0,1,4*358,1,901.981,630,-155,83.3585,65,4,2,0,0,1,1,2|||911*0|
357,0,124.888,246.959,10,-22.5,20,2,3,0,1,0,1,4*358,1,902.79,630,-154,86.8585,65,4,2,0,1,1,1,2|||910*0|
357,0,129.131,242.717,5,-18,20,2,3,0,1,0,1,4*358,1,903.174,630,-154,90.3585,65,4,2,0,0,1,1,2|||909*0|
357,0,133.373,238.474,10,-13.5,20,2,3,0,1,0,1,4*358,1,903.13,630,-153,93.8585,65,4,2,0,1,1,1,2|||908*0|
357,0,137.616,234.231,5,-9,20,2,3,0,1,0,1,4*358,1,902.73,630,-153,93.8585,65,4,2,0,0,0,0,2|||907*0|
357,0,141.859,229.989,10,-4.5,20,2,3,0,1,0,1,4*358,1,902.389,630,-153,93.8585,65,4,2,0,0,0,0,2|||906*0|
357,0,146.101,225.746,15,0,20,2,3,0,1,0,1,4*358,1,901.998,630,-152,96.7665,65,4,2,0,1,1,1,2|||905*0|
357,0,150.344,221.503,10,4.5,20,2,3,0,1,0,1,4*358,1,901.416,630,-152,96.7665,65,4,2,0,0,0,0,2|||904*0|
357,0,156.325,221.974,15,4.5,20,2,3,0,1,1,0,4*358,1,900.746,630,-151,99.6092,65,4,2,0,1,1,1,2|||903*0|
357,0,162.307,222.445,10,4.5,20,2,3,0,1,1,0,4*358,1,899.939,630,-151,99.6092,65,4,2,0,0,0,0,2|||902*0|
357,0,168.288,222.916,15,4.5,20,2,3,0,1,1,0,4*358,1,899.253,630,-151,99.6092,65,4,2,0,0,0,0,2|||901*0|
357,0,174.27,223.386,20,4.5,20,2,3,0,1,1,0,4*358,1,898.671,630,-151,99.6092,65,4,2,0,0,0,0,2|||900*0|
357,0,180.251,223.857,25,4.5,20,2,3,0,1,1,0,4*358,1,898.175,630,-151,99.6092,65,4,2,0,0,0,0,2|||899*0|
357,0,181.968,223.365,20,4.5,20,2,3,0,1,1,0,4*358,1,897.754,630,-151,99.6092,65,4,2,0,0,0,0,2|||898*0|
357,0,176.563,221.238,25,4.5,20,2,3,0,1,1,0,4*358,1,897.27,630,-150,101.06,65,4,2,0,1,1,1,2|||897*0|
357,0,171.358,219.125,20,4.5,20,2,3,0,1,1,0,4*358,1,896.797,630,-150,101.06,65,4,2,0,0,0,0,2|||896*0|
357,0,166.352,217.029,25,4.5,20,2,3,0,1,1,0,4*358,1,896.395,630,-150,101.06,65,4,2,0,0,0,0,2|||895*0|
357,0,161.346,214.932,20,9,20,2,3,0,1,0,1,4*358,1,896.053,630,-150,101.06,65,4,2,0,0,0,0,2|||894*0|
357,0,156.34,212.836,25,13.5,20,2,3,0,1,0,1,4*358,1,895.763,630,-150,101.06,65,4,2,0,0,0,0,2|||893*0|
357,0,151.334,210.739,30,18,20,2,3,0,1,0,1,4*358,1,895.428,630,-149,101.93,65,4,2,0,1,1,1,2|||892*0|
357,0,146.329,208.643,25,22.5,20,2,3,0,1,0,1,4*358,1,895.014,630,-148,102.932,65,4,2,0,1,1,1,2|||891*0|
357,0,141.323,206.546,30,27,20,2,3,0,1,0,1,4*358,1,894.499,630,-147,104.083,65,4,2,0,1,1,1,2|||890*0|
357,0,136.317,204.45,25,31.5,20,2,3,0,1,0,1,4*358,1,893.855,630,-146,105.408,65,4,2,0,1,1,1,2|||889*0|
357,0,131.311,202.353,20,36,20,2,3,0,1,0,1,4*358,1,893.045,630,-145,106.93,65,4,2,0,1,1,1,2|||888*0|
357,0,126.305,200.257,25,40.5,20,2,3,0,1,0,1,4*358,1,892.025,630,-144,108.682,65,4,2,0,1,1,1,2|||887*0|
357,0,121.299,198.16,20,45,20,2,3,0,1,0,1,4*358,1,890.735,630,-143,110.696,65,4,2,0,1,1,1,2|||886*0|
357,0,116.293,196.064,25,49.5,20,2,3,0,1,0,1,4*358,1,889.098,630,-142,113.012,65,4,2,0,1,1,1,2|||885*0|
357,0,111.417,194.119,20,49.5,20,2,3,0,1,1,0,4*358,1,887.015,630,-141,115.676,65,4,2,0,1,1,1,2|||884*0|
357,0,106.671,192.327,15,49.5,20,2,3,0,1,1,0,4*358,1,884.361,630,-142,118.739,65,4,2,0,1,1,1,2|||883*0|
357,0,102.055,190.687,20,49.5,20,2,3,0,1,1,0,4*358,1,880.995,630,-143,122.239,65,4,2,0,1,1,1,2|||882*0|
357,0,97.5687,189.199,25,49.5,20,2,3,0,1,1,0,4*358,1,877.261,630,-144,125.739,65,4,2,0,1,1,1,2|||881*0|
357,0,93.2123,187.862,20,49.5,20,2,3,0,1,1,0,4*358,1,873.172,630,-145,129.239,65,4,2,0,1,1,1,2|||880*0|
357,0,88.9858,186.678,25,49.5,20,2,3,0,1,1,0,4*358,1,868.745,630,-146,132.739,65,4,2,0,1,1,1,2|||879*0|
357,0,84.8891,185.646,20,49.5,20,2,3,0,1,1,0,4*358,1,863.994,630,-147,136.239,65,4,2,0,1,1,1,2|||878*0|
357,0,80.9224,184.767,25,49.5,20,2,3,0,1,1,0,4*358,1,858.938,630,-148,139.739,65,4,2,0,1,1,1,2|||877*0|
357,0,77.0855,184.039,20,49.5,20,2,3,0,1,1,0,4*358,1,853.597,630,-149,143.239,65,4,2,0,1,1,1,2|||876*0|
357,0,73.3786,183.463,25,49.5,20,2,3,0,1,1,0,4*358,1,847.989,630,-150,146.739,65,4,2,0,1,1,1,2|||875*0|
357,0,69.6716,182.887,30,54,20,2,3,0,1,0,1,4*358,1,843.013,630,-150,146.739,65,4,2,0,0,0,0,2|||874*0|
357,0,65.9646,182.312,25,58.5,20,2,3,0,1,0,1,4*358,1,838.784,630,-150,146.739,65,4,2,0,0,0,0,2|||873*0|
357,0,62.2576,181.736,30,63,20,2,3,0,1,0,1,4*358,1,835.19,630,-150,146.739,65,4,2,0,0,0,0,2|||872*0|
357,0,58.5507,181.16,25,67.5,20,2,3,0,1,0,1,4*358,1,832.134,630,-150,146.739,65,4,2,0,0,0,0,2|||871*0|
357,0,54.8437,180.585,30,72,20,2,3,0,1,0,1,4*358,1,828.621,630,-150,148.84,65,4,2,0,0,1,1,2|||870*0|
357,0,51.1367,180.009,25,76.5,20,2,3,0,1,0,1,4*358,1,825.564,630,-150,148.84,65,4,2,0,0,0,0,2|||869*0|
357,0,47.4297,179.433,30,81,20,2,3,0,1,0,1,4*358,1,822.966,630,-150,148.84,65,4,2,0,0,0,0,2|||868*0|
357,0,46,178.858,25,85.5,20,2,3,0,1,0,1,4*358,1,820.758,630,-150,148.84,65,4,2,0,0,0,0,2|||867*0|
357,0,49.707,178.282,30,90,20,2,3,0,1,0,1,4*358,1,818.881,630,-150,148.84,65,4,2,0,0,0,0,2|||866*0|
357,0,53.4139,177.706,35,94.5,20,2,3,0,1,0,1,4*358,1,817.285,630,-150,148.84,65,4,2,0,0,0,0,2|||865*0|
357,0,57.1209,177.13,30,99,20,2,3,0,1,0,1,4*358,1,815.45,630,-149,149.912,65,4,2,0,1,1,1,2|||864*0|
357,0,60.7966,176.752,35,99,20,2,3,0,1,1,0,4*358,1,813.873,630,-149,149.912,65,4,2,0,0,0,0,2|||863*0|
357,0,64.441,176.572,30,99,20,2,3,0,1,1,0,4*358,1,812.533,630,-149,149.912,65,4,2,0,0,0,0,2|||862*0|
357,0,68.0541,176.589,35,99,20,2,3,0,1,1,0,4*358,1,811.394,630,-149,149.912,65,4,2,0,0,0,0,2|||861*0|
357,0,71.636,176.803,30,99,20,2,3,0,1,1,0,4*358,1,810.425,630,-149,149.912,65,4,2,0,0,0,0,2|||860*0|
357,0,75.1865,177.215,35,99,20,2,3,0,1,1,0,4*358,1,809.602,630,-149,149.912,65,4,2,0,0,0,0,2|||859*0|
357,0,78.7057,177.825,30,99,20,2,3,0,1,1,0,4*358,1,808.655,630,-148,150.459,65,4,2,0,1,1,1,2|||858*0|
357,0,82.1937,178.632,35,99,20,2,3,0,1,1,0,4*358,1,807.846,630,-148,150.459,65,4,2,0,0,0,0,2|||857*0|
357,0,85.6504,179.636,30,99,20,2,3,0,1,1,0,4*358,1,807.158,630,-148,150.459,65,4,2,0,0,0,0,2|||856*0|
357,0,89.0758,180.838,35,99,20,2,3,0,1,1,0,4*358,1,806.574,630,-148,150.459,65,4,2,0,0,0,0,2|||855*0|
357,0,92.5012,182.041,30,103.5,20,2,3,0,1,0,1,4*358,1,806.077,630,-148,150.459,65,4,2,0,0,0,0,2|||854*0|
357,0,95.9266,183.243,35,108,20,2,3,0,1,0,1,4*358,1,805.655,630,-148,150.459,65,4,2,0,0,0,0,2|||853*0|
357,0,99.352,184.445,30,112.5,20,2,3,0,1,0,1,4*358,1,805.296,630,-148,150.459,65,4,2,0,0,0,0,2|||852*0|
357,0,102.777,185.647,35,117,20,2,3,0,1,0,1,4*358,1,804.99,630,-148,150.459,65,4,2,0,0,0,0,2|||851*0|
357,0,106.203,186.849,30,121.5,20,2,3,0,1,0,1,4*358,1,804.731,630,-148,150.459,65,4,2,0,0,0,0,2|||850*0|
357,0,109.628,188.051,35,126,20,2,3,0,1,0,1,4*358,1,804.511,630,-148,150.459,65,4,2,0,0,0,0,2|||849*0|
357,0,113.054,189.253,30,130.5,20,2,3,0,1,0,1,4*358,1,804.323,630,-148,150.459,65,4,2,0,0,0,0,2|||848*0|
357,0,116.479,190.456,35,135,20,2,3,0,1,0,1,4*358,1,804.108,630,-148,150.583,65,4,2,0,0,1,1,2|||847*0|
357,0,119.904,191.658,30,139.5,20,2,3,0,1,0,1,4*358,1,803.86,630,-147,150.725,65,4,2,0,1,1,1,2|||846*0|
357,0,123.33,192.86,35,144,20,2,3,0,1,0,1,4*358,1,803.648,630,-147,150.725,65,4,2,0,0,0,0,2|||845*0|
357,0,126.593,194.18,30,144,20,2,3,0,1,1,0,4*358,1,803.469,630,-147,150.725,65,4,2,0,0,0,0,2|||844*0|
357,0,129.695,195.617,35,144,20,2,3,0,1,1,0,4*358,1,803.316,630,-147,150.725,65,4,2,0,0,0,0,2|||843*0|
357,0,132.635,197.172,30,144,20,2,3,0,1,1,0,4*358,1,803.187,630,-147,150.725,65,4,2,0,0,0,0,2|||842*0|
357,0,135.413,198.844,35,144,20,2,3,0,1,1,0,4*358,1,803.076,630,-147,150.725,65,4,2,0,0,0,0,2|||841*0|
357,0,138.03,200.634,30,144,20,2,3,0,1,1,0,4*358,1,802.983,630,-147,150.725,65,4,2,0,0,0,0,2|||840*0|
357,0,140.484,202.541,35,144,20,2,3,0,1,1,0,4*358,1,802.983,630,-147,150.725,65,4,2,0,0,0,0,2|||839*0|
357,0,142.777,204.566,30,144,20,2,3,0,1,1,0,4*358,1,802.983,630,-147,150.725,65,4,2,0,0,0,0,2|||838*0|
357,0,144.908,206.709,35,144,20,2,3,0,1,1,0,4*358,1,802.983,630,-147,150.725,65,4,2,0,0,0,0,2|||837*0|
357,0,146.877,208.969,30,144,20,2,3,0,1,1,0,4*358,1,802.983,630,-147,150.725,65,4,2,0,0,0,0,2|||836*0|
357,0,148.684,211.347,35,144,20,2,3,0,1,1,0,4*358,1,802.983,630,-147,150.725,65,4,2,0,0,0,0,2|||835*0|
357,0,150.492,213.725,30,148.5,20,2,3,0,1,0,1,4*358,1,802.983,630,-147,150.725,65,4,2,0,0,0,0,2|||834*0|
357,0,152.299,216.102,35,153,20,2,3,0,1,0,1,4*358,1,802.983,630,-147,150.725,65,4,2,0,0,0,0,2|||833*0|
357,0,154.107,218.48,30,157.5,20,2,3,0,1,0,1,4*358,1,802.983,630,-147,150.725,65,4,2,0,0,0,0,2|||832*0|
357,0,155.914,220.858,35,162,20,2,3,0,1,0,1,4*358,1,802.895,630,-146,150.775,65,4,2,0,1,1,1,2|||831*0|
357,0,157.721,223.236,30,166.5,20,2,3,0,1,0,1,4*358,1,802.795,630,-145,150.833,65,4,2,0,1,1,1,2|||830*0|
357,0,159.529,225.613,35,171,20,2,3,0,1,0,1,4*358,1,802.679,630,-144,150.899,65,4,2,0,1,1,1,2|||829*0|
357,0,161.336,227.991,30,175.5,20,2,3,0,1,0,1,4*358,1,802.547,630,-143,150.975,65,4,2,0,1,1,1,2|||828*0|
357,0,163.143,230.369,35,180,20,2,3,0,1,0,1,4*358,1,802.394,630,-142,151.062,65,4,2,0,1,1,1,2|||827*0|
357,0,164.951,232.746,30,-175.5,20,2,3,0,1,0,1,4*358,1,802.218,630,-141,151.163,65,4,2,0,1,1,1,2|||826*0|
357,0,166.758,235.124,35,-171,20,2,3,0,1,0,1,4*358,1,802.015,630,-140,151.279,65,4,2,0,1,1,1,2|||825*0|
357,0,168.565,237.502,30,-166.5,20,2,3,0,1,0,1,4*358,1,801.782,630,-139,151.412,65,4,2,0,1,1,1,2|||824*0|
357,0,170.178,239.833,35,-166.5,20,2,3,0,1,1,0,4*358,1,801.513,630,-138,151.565,65,4,2,0,1,1,1,2|||823*0|
357,0,171.597,242.117,30,-166.5,20,2,3,0,1,1,0,4*358,1,801.204,630,-139,151.741,65,4,2,0,1,1,1,2|||822*0|
357,0,172.821,244.355,35,-166.5,20,2,3,0,1,1,0,4*358,1,800.847,630,-140,151.943,65,4,2,0,1,1,1,2|||821*0|
357,0,173.85,246.546,30,-166.5,20,2,3,0,1,1,0,4*358,1,800.437,630,-141,152.175,65,4,2,0,1,1,1,2|||820*0|
357,0,174.685,248.69,35,-166.5,20,2,3,0,1,1,0,4*358,1,799.964,630,-142,152.443,65,4,2,0,1,1,1,2|||819*0|
357,0,175.326,250.788,30,-166.5,20,2,3,0,1,1,0,4*358,1,799.418,630,-143,152.751,65,4,2,0,1,1,1,2|||818*0|
357,0,175.772,252.839,35,-166.5,20,2,3,0,1,1,0,4*358,1,798.789,630,-144,153.104,65,4,2,0,1,1,1,2|||817*0|
357,0,176.023,254.843,30,-166.5,20,2,3,0,1,1,0,4*358,1,798.063,630,-145,153.511,65,4,2,0,1,1,1,2|||816*0|
357,0,176.08,256.8,35,-166.5,20,2,3,0,1,1,0,4*358,1,797.226,630,-146,153.979,65,4,2,0,1,1,1,2|||815*0|
357,0,176.137,258.758,30,-162,20,2,3,0,1,0,1,4*358,1,796.259,630,-147,154.517,65,4,2,0,1,1,1,2|||814*0|
357,0,176.194,260.715,35,-157.5,20,2,3,0,1,0,1,4*358,1,795.142,630,-148,155.136,65,4,2,0,1,1,1,2|||813*0|
357,0,176.252,262.673,30,-153,20,2,3,0,1,0,1,4*358,1,793.851,630,-149,155.848,65,4,2,0,1,1,1,2|||812*0|
357,0,176.309,264.63,35,-148.5,20,2,3,0,1,0,1,4*358,1,792.747,630,-149,155.848,65,4,2,0,0,0,0,2|||811*0|
357,0,176.366,266.588,30,-144,20,2,3,0,1,0,1,4*358,1,791.808,630,-149,155.848,65,4,2,0,0,0,0,2|||810*0|
357,0,176.423,268.545,35,-139.5,20,2,3,0,1,0,1,4*358,1,791.011,630,-149,155.848,65,4,2,0,0,0,0,2|||809*0|
357,0,176.48,270.503,30,-135,20,2,3,0,1,0,1,4*358,1,790.333,630,-149,155.848,65,4,2,0,0,0,0,2|||808*0|
357,0,176.537,272.46,35,-130.5,20,2,3,1,1,0,1,3*358,1,789.554,630,-148,156.275,65,4,2,0,1,1,1,2|375,2,254.194,317.847,31.35||807*0|
357,0,176.594,274.418,30,-126,20,2,3,0,1,0,1,3*358,1,788.654,630,-147,156.766,65,4,2,0,1,1,1,2|375,2,259.575,321.125,31.35||806*0|
357,0,176.651,276.375,35,-121.5,20,2,3,0,1,0,1,3*358,1,787.616,630,-146,157.331,65,4,2,0,1,1,1,2|375,2,265.224,324.566,31.35||805*0|
357,0,176.604,278.162,30,-121.5,20,2,3,0,1,1,0,3*358,1,786.417,630,-145,157.981,65,4,2,0,1,1,1,2|375,2,271.156,328.18,31.35||804*0|
357,0,176.452,279.779,35,-121.5,20,2,3,0,1,1,0,3*358,1,785.032,630,-144,158.728,65,4,2,0,1,1,1,2|375,2,277.384,331.974,31.35||803*0|
357,0,176.196,281.225,30,-121.5,20,2,3,0,1,1,0,3*358,1,783.43,630,-143,159.587,65,4,2,0,1,1,1,2|375,2,283.924,335.958,31.35||802*0|
357,0,175.835,282.5,35,-121.5,20,2,3,0,1,1,0,3*358,1,781.578,630,-142,160.575,65,4,2,0,1,1,1,2|375,2,290.79,340.141,31.35||801*0|
357,0,175.369,283.605,30,-121.5,20,2,3,0,1,1,0,3*358,1,779.435,630,-141,161.711,65,4,2,0,1,1,1,2|375,2,298,344.534,31.35||800*0|
357,0,174.799,284.539,35,-121.5,20,2,3,0,1,1,0,3*358,1,776.954,630,-140,163.018,65,4,2,0,1,1,1,2|375,2,305.571,349.146,31.35||799*0|
357,0,174.125,285.303,30,-121.5,20,2,3,0,1,1,0,3*358,1,774.079,630,-141,164.521,65,4,2,0,1,1,1,2|375,2,313.52,353.988,31.35||798*0|
357,0,173.346,285.896,35,-121.5,20,2,3,0,1,1,0,3*358,1,770.748,630,-142,166.249,65,4,2,0,1,1,1,2|375,2,321.866,359.073,31.35||797*0|
357,0,172.463,286.319,30,-121.5,20,2,3,0,1,1,0,3*358,1,766.887,630,-143,168.236,65,4,2,0,1,1,1,2|375,2,330.63,364.412,31.35||796*0|
357,0,171.475,286.571,35,-121.5,20,2,3,0,1,1,0,3*358,1,762.413,630,-144,170.522,65,4,2,0,1,1,1,2|375,2,339.832,370.018,31.35||795*0|
357,0,170.487,286.824,30,-117,20,2,3,0,1,0,1,3*358,1,757.228,630,-145,173.15,65,4,2,0,1,1,1,2|375,2,349.494,375.904,31.35||794*0|
357,0,169.499,287.076,35,-112.5,20,2,3,0,1,0,1,3*358,1,751.226,630,-146,176.173,65,4,2,0,1,1,1,2|375,2,359.64,382.085,31.35||793*0|
357,0,168.511,287.328,40,-108,20,2,3,0,1,0,1,3*358,1,744.289,630,-147,179.648,65,4,2,0,1,1,1,2|375,2,370.292,388.574,31.35||792*0|
357,0,167.523,287.58,45,-103.5,20,2,3,0,1,0,1,3*358,1,737.29,630,-148,-176.852,65,4,2,0,1,1,1,2|375,2,381.477,395.388,31.35||791*0|
357,0,166.535,287.833,40,-99,20,2,3,0,1,0,1,3*358,1,730.3,629.616,-149,-173.352,65,4,2,0,1,1,1,2|375,2,393.222,402.543,31.35||790*0|
357,0,165.547,288.085,45,-94.5,0,2,3,0,1,0,1,3*358,1,723.347,628.805,-149,-169.852,65,4,2,1,0,1,1,1|375,2,405.553,410.055,31.35|5,666.576,588.201,211.349,292.347|789*0|